6
27428
1000
14144 21689
25587 3496
97 4486
19370 16134
3213 19832
25335 3778
19208 19025
1376 15491
2955 10828
24793 2010
10801 6497
19350 18044
1147 7108
11294 6017
1616 9647
10145 2219
27371 24673
2699 3036
17869 16487
8025 19100
24476 20762
26539 660
16412 22889
119 2095
848 15832
4942 10575
8100 17353
16072 23068
23660 6650
4101 2545
3213 19024
6981 11882
24954 3503
1667 6784
27235 5113
14841 20726
5033 23079
19407 22005
14996 22645
210 17395
10568 18098
12379 10201
3829 25768
2369 26724
18511 15520
15855 15563
3134 1029
14009 2943
20694 242
15984 8960
4453 15558
23859 18142
14235 17320
21897 15039
1715 5373
3209 27029
1373 19680
16169 3005
3431 1668
898 4125
26891 22718
7683 564
23021 4255
896 17696
4837 4366
23053 14244
900 8021
20143 2550
4920 23716
3841 9055
333 4234
1747 18141
1249 19564
2784 12978
16590 26600
13986 17423
906 14170
23658 441
17156 2981
15279 20903
9617 24368
1666 5008
5929 21550
22548 3407
16083 26659
18017 11037
26718 163
26861 4721
13906 13661
8871 2963
12326 4149
11483 19201
179 5502
26955 8357
3525 819
6786 10241
10945 16151
2881 12919
12402 10202
18187 16817
2244 7469
3534 320
2674 20177
23714 899
3479 152
22950 17867
2007 26465
8441 16316
586 9265
3499 503
4358 10082
3012 10230
26717 14831
7536 8502
22765 6880
535 5532
15491 9931
15218 26898
12017 6299
9371 8817
25603 18320
18182 14755
6581 1671
26277 4361
3967 2172
797 7706
1217 809
5149 1357
18508 25024
24559 11577
4865 25032
8269 3323
23436 9220
26997 14809
323 12169
1920 3329
13332 5345
17903 21347
6332 26451
21895 430
4630 23397
17503 5719
12676 11936
15415 18384
22648 15507
4071 19656
17685 25883
14824 5272
14315 10209
2779 24286
4304 6435
20472 2883
18645 5048
2660 4947
18553 19534
18758 10355
760 10743
15546 8182
22710 2020
4279 19269
19144 17519
1223 2603
14739 16735
6069 533
23689 14696
822 22377
20737 3826
19627 25345
9774 3320
14586 3514
25938 11263
8586 1278
27183 2579
12376 1087
8126 19872
8776 16245
2560 26461
953 937
7906 18207
7003 11175
3368 21411
3105 14017
6460 4953
20546 22457
2275 27157
14188 27362
4016 12527
16893 6017
12892 12847
10081 8313
4102 1884
1424 10280
20852 1892
16282 104
1898 4028
10883 14506
24093 26010
4398 9264
9450 2380
12645 16985
4900 1451
23559 26385
19452 14756
4677 12634
11148 18918
729 26094
5877 1404
21303 23845
4732 3944
1428 2074
27027 5420
11989 20745
1253 21076
134 23292
4980 1256
19131 25767
13530 23271
22003 21136
668 22696
4838 9331
24229 6500
5202 23012
1523 3537
10214 2614
15249 2781
10299 13212
8133 650
5624 1422
1930 1461
13832 10862
26688 4020
4041 21612
11171 684
6231 4519
5334 21635
2513 11156
3436 1678
871 5540
4712 17378
9285 12065
1545 2876
15179 23641
26728 25475
20885 15103
9462 3121
4865 2730
2744 10404
9378 4171
6796 13934
23131 7325
2392 10171
27309 21895
18998 6103
5326 18038
21948 10480
471 8111
10333 1016
17166 1179
26084 3230
22355 10789
16399 25445
20888 13412
17987 5297
11907 6010
23933 8394
5929 5272
2408 218
22235 1299
18558 17627
25411 11681
19800 13221
10929 936
3850 6937
7343 17064
7841 1635
8411 24520
24511 10619
1234 1619
19016 9714
824 14931
2363 3307
3558 23370
3437 17000
13607 1499
3151 9671
3824 8303
23202 9100
2574 22228
3062 5216
26964 16586
4580 3418
11220 15536
12012 1406
12354 19537
10801 2399
4456 18883
792 20186
16829 25488
23795 747
1336 9236
21139 23458
15718 2086
17155 262
15291 26875
22135 26872
3622 15686
20351 4620
3779 2688
4444 4723
6309 3348
23909 3565
19387 5230
20882 11933
3760 24790
25113 3309
19127 4598
4365 4176
21860 25103
12260 13577
2363 24036
18183 6889
13388 2663
18543 14592
4284 4974
15202 24420
2083 15477
16204 2559
10459 27016
19379 26686
16723 12132
11373 24309
3403 11993
3601 3653
11827 16242
11947 22960
383 11608
1716 8252
18670 3700
4893 23230
3798 1968
634 1076
20047 2348
3918 24129
9069 26989
357 11204
26467 16257
17494 11148
22685 16408
12571 4382
3290 17815
12482 27047
24879 8991
3136 25336
4626 17332
55 975
17226 17567
3248 14680
4289 3856
1455 24051
14876 13576
9871 7480
5128 5494
5692 22840
15445 2977
12855 2530
9963 11717
2959 10359
4778 24321
7937 16677
17994 14448
771 2454
4911 3479
14572 10347
4659 4095
31 20930
1129 22050
4889 21665
24533 18828
1891 644
19482 16442
589 7942
2046 17734
3416 3495
17852 21702
10098 3276
23890 3825
18699 8711
16574 9859
2582 7065
58 3683
27142 19253
19051 10883
17130 24071
9350 2056
3488 2769
8084 24748
13893 26661
22732 572
5359 17599
17166 19509
24223 3060
16247 4696
8817 13375
9266 15404
10006 26090
9617 13701
15492 4053
21852 25587
21996 14707
11369 4405
5321 13845
21100 17342
1799 7531
6161 7004
25170 11591
22344 24855
13936 3457
11744 20060
1216 2025
18008 20315
23252 20071
8946 17581
5670 6440
7944 2106
4102 23275
6819 14682
17879 3655
1098 5178
20859 5308
13592 22658
17932 23240
21266 820
17613 231
11703 24535
24160 11661
18648 13526
5177 4119
2473 3875
3666 5304
14873 1531
22816 10874
22111 26814
16327 10879
22741 20710
5770 17549
3302 16921
2437 5322
2834 2864
17310 18115
2081 9271
441 27059
20825 5477
26155 23043
17375 4362
8305 25613
15668 19564
15651 1061
2755 7082
12835 26586
3218 19596
4086 5241
490 2411
23077 22227
22515 21055
4299 24640
19016 8642
9523 13540
2435 686
1939 20273
5272 1815
11244 7341
17155 7143
209 14326
9975 25190
17748 1027
3221 11762
18452 3244
25677 2202
18772 20589
5723 700
11836 22375
17748 1949
25398 15271
7935 3812
21338 1707
12135 16167
2309 2082
27182 13657
14719 2548
24100 24890
1475 1410
18200 1213
27233 15919
1739 23131
19578 25887
9971 18325
16858 10815
3693 17787
14890 24197
17269 7522
18534 2937
2313 18339
8338 9204
21853 17033
7593 12839
10098 20590
25559 9952
23274 24864
1987 11785
759 10890
15615 11377
830 13456
5515 19152
5013 23610
3191 12805
11404 4629
2465 23713
1737 22486
15502 8617
11063 16705
13404 23704
15880 4389
13303 22180
5261 9337
5776 21826
2517 26002
22603 1736
21840 12662
5944 7970
13155 3396
8325 5003
5101 14789
24050 521
26320 15111
14212 26315
5732 839
15742 10574
8463 17684
11917 14166
1522 12466
11843 8419
26290 8381
16326 13591
18535 3818
22730 318
3473 17123
8380 16651
14144 13625
12352 9252
11077 20605
25822 3298
17805 11876
7416 11345
5038 7960
1244 8063
924 20628
14056 1743
26478 1361
3509 10619
14412 7714
4135 16171
12908 4152
7045 10658
22572 3607
3957 23695
6737 2945
4319 24948
54 15456
23219 646
7438 4762
3476 6566
15448 8935
20838 7546
24404 20631
454 13982
6570 376
5945 6897
2843 18682
838 7419
15449 20113
11896 25973
15900 2103
6235 26123
15986 4063
8854 26976
2134 15333
11549 25683
8581 6771
17063 349
3945 21463
26979 3302
25895 23514
194 19097
17606 20996
11880 13214
11632 20996
25649 478
25805 9043
14670 20526
3674 3093
17544 3963
25775 19264
21911 1770
27120 4827
2158 7182
10560 2357
8106 15687
5995 14606
12312 3333
20631 20673
22356 14868
3573 2360
11144 26835
8333 19121
16964 2406
23333 25949
13427 17412
1345 1266
7822 26976
25920 26709
1515 23852
8086 11108
9513 2523
12575 3512
10678 16812
25524 4986
7281 12516
1495 3901
9061 17754
18307 11452
3969 12089
9744 20644
2622 24322
307 16708
6250 9424
26398 18491
226 21728
21943 1601
2082 5456
14059 20238
17064 14631
3105 4436
38 19606
27327 4535
3760 13950
2228 8381
3545 4913
8422 142
465 11389
13230 346
14227 13031
18226 24698
14687 7220
1994 9785
26475 19246
12662 17258
2262 25764
18547 512
26845 2703
16396 26769
21585 20292
947 4604
2888 15062
5712 10319
4080 346
15321 1768
21617 22059
24867 18394
20994 16431
13816 16530
17151 19195
11625 12730
11816 15914
22629 11869
8445 18626
20107 4904
5132 5814
6461 5277
26203 24495
21750 19523
3787 21259
4537 9417
11116 1318
5274 26914
21208 16857
9320 7828
11114 26689
15211 18884
2182 13250
289 8149
22254 5707
3264 21204
15926 2011
6813 4656
2900 1056
12159 1585
9802 2095
7649 839
23789 27232
17726 796
4515 5691
23363 7561
10771 10887
1281 3921
4568 10099
3384 2226
7447 25302
8638 20209
25673 4539
12796 12796
3045 2845
4464 1359
19469 10223
2574 8212
566 25696
23224 10382
13496 9820
9904 11959
11364 19798
25663 23080
26630 1057
2152 12090
27106 26348
13761 12139
26706 5983
19842 22787
1908 2243
5852 18935
23328 16981
1384 2573
17693 1454
16559 16449
916 20293
5848 22375
964 16437
13408 22035
19704 21824
985 658
6070 3860
8598 1289
25914 1194
8022 16815
11043 1689
23808 21782
26475 23400
17538 4254
12444 5330
26316 1277
5697 25084
5310 12514
26011 9900
304 728
9878 5997
5663 12909
25851 4275
22245 13460
6631 26128
7585 20297
18812 915
12711 4211
10454 12
15640 11278
24641 3156
16567 1417
15785 9099
3795 26733
46 22595
1077 13376
5029 26579
5876 5253
2294 444
19285 2993
26947 14638
650 3572
11753 12238
4182 14808
4134 23990
21880 26791
26739 6845
17943 9391
910 19705
24895 16211
4687 24707
10112 4627
887 342
20135 140
19321 10571
3435 22673
23093 7215
19514 19046
2000 7157
9504 25355
24237 4865
19655 26287
16793 8853
1904 6453
16966 2895
21985 2778
15355 5071
22096 6169
1673 16235
24158 8396
21889 12044
23611 14995
6052 13851
15577 25209
27291 8592
7490 1713
3013 24345
9776 23151
18461 14946
17879 704
2600 5232
15366 13388
11710 10012
11374 5657
4804 905
11073 23874
24730 904
3292 20898
1366 8699
23182 2423
19889 20007
22152 8190
3044 2567
10457 3119
15462 11438
17288 388
26796 16080
15317 14575
4353 132
24197 12253
890 4388
24186 2105
7981 19270
20870 9861
22430 946
1117 18449
3194 25411
18329 4138
2440 20434
24554 22583
17116 3292
2091 1757
8526 21004
16759 10764
2054 26293
9531 23851
21801 24133
25902 18788
10144 24270
1874 5637
25592 8116
2523 14374
26206 22123
27422 25997
5271 24706
6796 11982
25575 20193
24786 1206
18458 13903
4591 11498
17827 26935
15672 27084
21724 4999
1380 22942
2361 19113
26744 20714
20592 11165
4256 13345
5025 20776
16318 5250
8807 24608
194 5181
3055 6104
7100 21977
10744 23713
25298 4015
24018 19344
26405 2660
2171 15234
2697 12884
25546 20318
17715 23548
4298 4726
23395 16201
23831 12545
18466 4598
18803 26291
11042 8397
2908 585
14259 10508
14288 10762
10972 24845
2557 1354
26538 2306
6637 26323
11720 2731
14417 24949
7760 4098
26970 2446
737 1476
408 1918
2802 15281
1443 67
2113 195
5782 7720
19551 280
1674 3183
20824 16609
10487 16876
1902 11632
22300 18085
5631 23124
6233 10615
3446 6598
16284 25582
4197 2336
4601 6695
4821 17275
14411 11481
9178 2374
17925 11410
2630 13509
20238 4675
5742 3991
3991 24831
4890 15660
12783 5376
1110 10798
3657 1003
12366 3818
18844 4692
26136 2213
16800 25221
847 12060
25575 24699
24486 20489
5650 20274
21113 950
800 15139
4900 22135
20439 2790
23381 4899
16462 5320
16226 17315
2187 345
10368 1443
2847 15087
10786 341
20910 3615
12405 22619
23427 820
3572 4291
26403 1388
1847 11809
25876 10041
20747 13001
1678 18581
13512 2041
15393 10610
20191 6397
22918 26185
7091 25933
22647 3268
18090 17819
10416 4953
1119 477
11015 1509
23018 2345
4734 12085
15177 17760
22631 5227
6882 21972
3508 21545
3319 2494
848 10137
11032 12418
14242 11076
13199 5587
10017 10973
27096 20670
9740 18728
17988 946
603 3808
12976 18819
501 23976
6746 23392
4387 24877
11251 1249
13637 18509
501 1081
6084 1130
9526 9339
15687 4525
7614 26623
15658 11329
1493 12807
3372 14247
21345 13218
25132
1000
8145 13671
625 19311
2237 134
23833 21520
6456 6662
2185 6246
24811 24013
15851 13054
9007 8035
15225 21088
151 1713
7160 3045
3262 6520
18306 20681
769 1398
24969 14721
12159 15380
22553 6991
17091 1935
5681 7187
33 10874
11365 14436
7873 24756
17958 3507
3260 490
6551 3007
22628 7372
5855 13231
6187 24309
10818 17628
319 6740
9252 8013
17620 12872
19751 23927
1461 4606
11265 10764
15076 20709
7486 10261
9600 6454
803 8512
24044 21446
1591 3151
15406 8061
13953 20161
8085 21639
17774 8244
22943 15149
18948 12141
16409 22508
1059 4368
10888 12726
735 14755
24264 18522
287 18336
12531 20288
20201 13256
23173 89
22365 23483
19645 6998
15202 6854
582 748
12942 720
5142 15208
1285 6280
5527 4329
21398 5909
6616 798
1157 2687
5398 3520
736 15149
20705 25012
5460 6176
204 8121
8126 5755
7340 7872
138 22884
13188 8079
16171 22874
10860 21103
948 3398
19859 761
17927 7475
6385 11556
24438 24649
6935 16897
4794 2234
1765 7207
16112 17136
2448 3020
17377 11881
6985 7204
6490 20547
15000 14036
2720 1910
2109 7081
7060 17489
1112 138
6654 18445
4587 2943
16103 680
16912 10756
9648 753
12620 19458
23361 11487
4712 17020
23630 10790
16086 1980
18649 18700
13002 463
3789 15737
5032 5758
7897 5666
2049 13055
16899 2296
21566 3355
24543 15685
3360 11953
2890 4426
13658 8875
5200 21141
24139 899
13710 23817
23112 17014
440 4455
19297 6460
13626 3467
17015 9814
3936 1468
17241 3647
627 13084
21549 24160
4410 24519
7186 23792
2921 3698
21763 13708
11945 13499
5374 15183
20520 6667
12902 17460
20778 6351
18343 17031
22296 19923
6680 4761
2440 21957
1529 20664
23641 23968
129 19294
7812 15831
21929 893
23956 4196
17423 7135
5582 22521
6346 11587
24740 219
24570 3936
22071 23409
7350 6676
10266 6266
6784 1711
22873 2189
17625 4045
14266 385
17030 10922
6166 12061
15706 7620
10491 13685
2629 22930
12789 17654
1656 18803
20363 10267
20426 12517
9191 3184
23643 1739
11721 19367
13687 4609
6231 19177
22973 3474
14665 574
2688 21674
5031 3904
2157 7165
3367 14709
878 2440
6905 2139
16847 16839
14692 4339
17056 19622
16707 2421
24410 14872
8619 2435
12485 10229
827 2389
15128 19951
22414 17152
9570 1479
2448 15849
42 9153
1059 17079
24402 13141
827 13007
19266 2555
3211 10000
19778 4365
10578 23212
6950 15455
3870 14390
9777 8180
7048 15612
4404 5792
15633 9878
20982 24169
5468 7871
472 20338
3271 22884
8633 24672
19650 22779
21784 17019
4577 19734
22648 14085
19229 16184
14089 17077
15918 487
900 13671
24435 5634
6231 23057
18523 6185
8962 205
8211 6507
7317 1017
2336 18851
8811 7143
2366 4998
9626 127
492 12888
8460 3698
2474 749
3101 17408
24029 21695
2694 1972
24323 20797
8394 24998
3059 2873
7459 6577
16997 6548
6655 3735
1672 9117
3375 24021
695 7405
5904 3743
1247 1491
14276 21480
15363 4981
4143 23338
23009 185
20735 6725
7744 19794
3797 9075
20065 4289
8613 4947
12167 3811
4959 7218
2741 15226
25039 13583
7610 15452
6082 11328
7531 17202
362 17871
11568 73
3 18201
3478 8833
16567 21632
5426 2752
23231 22369
2606 16917
6348 70
11392 2772
3961 14684
10455 10593
4581 7463
926 3530
10743 17780
8218 23834
14020 1679
7223 876
13581 2187
4358 19901
6006 463
12258 5809
4306 22870
2997 22023
18315 12441
4140 11154
22596 15655
20129 18810
2450 4998
239 17040
460 2084
5491 4831
623 7312
15394 5763
14996 19690
267 147
1239 20889
20055 13641
20820 10555
23554 3004
639 7350
11799 17985
7302 16509
15259 15342
17566 5992
12214 24785
3554 17977
14846 1448
2442 4111
13305 4277
12258 6300
16348 9135
5415 22341
17561 14173
20622 2253
2285 3299
6345 18312
198 15543
10161 69
289 697
20088 5305
22946 6454
3199 4973
7192 6813
223 22006
7874 6700
18493 7348
13438 5814
23466 2621
23217 3989
22216 1098
899 6129
1794 19187
7489 4761
5346 23911
2836 2650
11541 3678
187 18154
2963 12334
1740 6332
11484 6142
2951 14480
19182 19482
676 1532
18516 17896
19622 13464
16458 1948
19019 16577
25121 11658
13074 20370
7141 23754
13563 16122
22590 4541
16782 6630
21396 13278
11294 5038
19574 4884
6947 12595
4925 15798
8150 7548
15596 18862
19072 8463
6959 24146
19318 12277
2665 5515
6335 7452
15230 10072
18950 3177
7097 14020
24478 22402
24264 103
6295 5658
4213 16798
2295 4538
4209 11376
13725 21986
3344 14583
5660 21409
4676 7807
20407 23265
293 5602
8571 12643
3872 2552
3518 18682
5966 11349
6943 6625
15225 16948
13122 5413
7029 15790
16394 4691
17876 5380
8575 7892
1758 6955
3033 20215
5966 8205
3946 6319
4850 22641
12879 5984
489 4966
7726 11477
16071 3590
17946 2008
3053 6781
18979 3666
2710 11223
23308 8738
19116 8414
4826 13475
2079 23474
14271 6584
14526 24291
7535 1156
9412 4513
9281 3391
7075 7395
90 13347
23019 5906
9877 2018
1644 24538
1475 7323
2719 12928
3889 15611
19010 20578
5006 13690
7191 18933
21886 16013
14047 6333
6691 7007
18699 94
17500 11943
11027 24405
5067 7948
1153 3384
5231 3372
4884 23983
1793 296
22529 23571
9090 132
990 20644
7458 895
20797 6490
15179 19486
972 14343
7737 9961
3259 6240
21413 22248
7085 4385
4748 3979
11858 21986
517 16857
14000 3088
24165 9038
10672 5879
21254 3688
19144 4236
6342 17626
23255 24906
20781 21778
11856 7161
20450 1437
3183 17088
1830 3032
2744 15327
7585 4641
6950 5107
4449 23742
15619 9445
3104 2013
10356 13716
19653 3149
1607 8963
18990 392
18647 7470
4353 3558
3120 22827
12240 2341
16756 7520
2022 4849
10622 24052
4798 13045
152 6999
5170 13954
3714 1558
2232 7720
20757 3110
13256 9180
12708 16111
18147 3637
7430 11372
3878 14277
4064 5845
4237 8361
11278 13014
4289 15967
15685 8818
8556 7084
3786 6986
5249 11214
17781 12683
10044 14168
4654 23449
7958 700
23592 16186
22636 13956
11564 21102
4004 19156
23976 12688
5749 15098
10545 3976
22852 5959
8022 5143
11570 1777
1410 2356
14040 7498
4132 19756
8621 1640
14092 6565
6583 23189
10520 8906
6693 4810
8977 13978
1579 19430
11728 6290
8850 12652
1957 9184
16370 13180
15609 2081
19865 19693
13361 8361
18109 3441
12502 8930
3221 2821
4595 12642
8884 24849
20415 3209
495 7470
6736 558
240 24996
19615 3656
6846 16166
2053 17476
8191 19111
6005 13178
20008 17776
671 23225
3172 2928
7080 8339
22271 15315
20951 17076
11540 20438
7012 17245
4901 5081
2871 19221
8186 14005
6750 21147
10800 293
18335 10526
1096 6256
17428 10928
11879 13005
21272 15097
25043 23914
24935 22568
22255 23589
6016 23087
8159 608
2338 12848
18811 5830
4828 15922
5413 6039
2902 1305
237 24852
2185 3241
4652 23678
2544 19673
8670 14637
3808 18127
5396 22068
22997 7518
7962 4387
22454 1596
22046 24796
12998 1469
11809 4770
13240 4847
3838 23923
10188 4056
2984 16280
4112 5585
7859 23162
19670 15068
4118 16567
6590 1400
1539 2121
5946 3699
5127 17399
23360 14657
7896 2670
5864 6000
9420 2277
5391 2871
220 6255
3083 7870
2281 18948
20731 634
11917 23051
14218 14753
5270 4968
20991 2229
4394 4822
1080 10577
20030 8646
16103 18856
15637 10985
22912 6061
215 20582
15060 7618
331 819
1582 437
2317 3969
19900 6924
24815 9946
4480 12816
7354 18411
7399 492
14863 19455
23317 19335
6728 7099
4423 4011
1457 4085
850 348
21071 21706
6865 13992
4648 746
256 11428
22814 267
837 12915
1204 4239
21503 12561
21135 2489
15466 16943
230 5783
9667 7465
5760 1231
15788 20536
19001 2875
14801 6633
4151 20068
7328 5281
2938 13241
11846 14194
11554 23629
24671 12947
829 2213
3152 1376
18200 22954
547 9488
5513 5403
10420 2078
7666 6789
13913 1285
816 4151
21574 7052
3095 22365
1166 2457
7029 15988
23668 24073
5025 21996
10194 4052
4965 3400
23484 10857
18441 19809
7264 2041
9350 5258
23088 6736
4215 6659
19012 7468
9675 7957
15865 5041
4047 19932
7647 9465
15817 2966
3026 80
4986 3343
3642 18722
9312 21405
5469 4196
4799 18227
16483 11345
352 8588
17537 1446
4934 16409
14899 15504
14609 3276
5126 3392
21736 21514
4230 5583
2219 4171
20647 8751
9013 2915
9443 4662
4274 7544
10495 23785
8516 2887
33 14208
6688 2163
1518 8200
20579 13340
6895 4505
14346 17332
4153 4253
1169 20494
5153 5552
9250 5772
21309 2402
10498 20875
1040 5158
22036 20096
19816 10845
21663 8646
24418 13038
5412 16401
20670 306
11907 7432
21824 21811
4542 754
13141 5941
8830 2533
15610 24581
11319 7045
20442 10325
874 11484
8374 11479
14089 20062
22026 16338
19073 22231
13806 3075
18551 24846
2318 2916
1025 3164
9709 22338
10550 5722
6864 6126
1080 5691
9814 5172
12529 6065
5831 18540
2380 19582
24989 9950
4249 2234
18479 9777
4168 15011
12172 5159
14790 2067
12202 135
445 4929
7616 21594
21881 2407
5616 1837
13126 179
18473 13735
13912 19429
3148 24508
304 9112
397 20129
23121 2830
15645 2659
3539 8529
19462 194
2375 21960
3158 553
18495 17030
8575 2787
24975 4634
2046 11403
2820 8610
3131 11204
13428 22128
10416 9771
8519 1830
3918 21642
12980 3421
25116 15695
6827 8970
24354 2320
1749 3240
901 6707
1420 5504
1991 7493
3201 9754
1557 17515
9087 13103
12371 16885
5966 39
5649 5494
6168 6357
2939 19712
13558 1869
5706 13276
7122 7158
4265 20733
7376 6580
11136 7442
19163 1835
996 4584
2390 6284
16899 14304
6542 13187
17979 10145
16109 13234
6969 21514
3203 3869
21346 12394
3616 12335
21873 1780
22914 11324
23650 4973
789 10643
11920 13864
11824 24370
20506 21300
7402 3483
13450 12756
20329 665
13241 3587
7469 24504
17901 24393
5393 5034
19269 23346
24377 1962
43 4434
8383 14341
4631 5576
10711 10390
19195 15755
576 23609
860 12178
2249 1776
4340 302
11285 19742
12950 4873
8347 5301
16545 24905
14320 2934
13337 3519
15689 14315
7278 23137
6416 1356
21902 10235
20166 11664
21257 19745
2406 2454
9843 22888
13688 17883
17675 6358
21317 14006
20633 2410
24250 3499
1393 17904
21975 428
16549 2637
12633 8725
5375 16519
17537 9918
7824 12520
18967 3838
11524 8916
17071 21614
5672 1267
2091 13871
1427 4019
14977 12212
3424 14654
1938 17727
11048 7464
8523 10142
5511 7580
14447 13309
3877 20183
3094 9726
14565 1061
1489 12300
21298 8330
5149 3008
833 21280
5564 872
9218 8367
2897 2625
17717 8041
900 5016
3979 6872
214 19484
13321 13332
17302 6942
2178 21049
5508 22881
17493 5356
24572 10973
21469 19501
8294 19253
4186 6566
3469 904
9118 10929
9022 23684
23390 9599
2155 1036
11535 5864
3839 10364
9328 22981
14291 4517
20060 15253
22610 5859
13480 17195
10913 9797
20811 20388
23569 9588
15553 9116
20133 19508
7089 12450
5071 166
4045 14056
1147 5267
12281 3391
6734 22499
19376 9539
3076 2230
7032 8147
8 303
20901 1477
11206 2242
452 5803
3451 6051
3768 3772
1416 12991
14209 22888
8845 5326
5195 8973
13156 22662
22676 7623
9548 14715
145 12023
13236 7160
2978 14300
2562 12777
14102 16461
7542 17789
12178 14766
14255 2414
1800 3057
495 14075
13911 3520
18686 6393
3187 7508
2351 14345
6395 3175
1108 3648
2991 4379
18791 4504
10274 24726
12365 3943
21697 22573
11702 1693
14588 10257
17585 22906
8445 2466
22621 6244
2382 234
13484 22995
5735 15654
5223 10223
7629 16647
18547 434
4693 21148
550 1165
18920 6890
5100 25038
3138 5836
7268 756
4169 7100
23350 13083
24283 5601
6663 8999
15924 17871
18207 6911
24557 7104
2705 16096
295 18319
1919 16120
16585 4447
11644 9520
1127 3008
4756 13641
7143 10642
9739 4906
6427
1000
2653 2444
5899 3929
3863 1659
940 1415
2149 4272
3286 5597
6022 3419
1175 1221
3190 839
3237 919
5176 1762
6037 4024
3756 973
2252 4219
5096 5821
5926 5396
5966 2654
3060 2224
681 447
3640 5082
3900 2898
4538 1540
1333 2267
5341 4700
5034 420
149 932
4286 4510
3394 120
6340 2119
4295 1995
362 803
6400 5381
1463 3160
3736 4385
5739 3724
6411 1207
953 920
456 4138
3211 6089
3671 1778
1373 16
4676 1611
2059 5804
42 1222
4764 5567
6258 4108
2351 4214
1692 323
6175 2281
6146 2815
637 3213
4701 3660
4032 269
389 994
3535 196
2677 3728
6084 5034
6293 385
5682 1693
3097 6178
443 5851
4580 4820
5087 2794
25 2223
592 2192
2604 3227
5930 5717
4440 1430
3975 5463
721 4615
4899 6158
5230 4629
6098 2195
5319 4195
3453 2037
2550 3073
3872 1358
754 2744
4886 5420
5351 1992
3791 3128
4600 3468
5266 5507
6024 1612
701 2967
2256 1622
1233 1513
5405 4448
6385 85
3232 3689
81 906
4038 3892
5659 2657
3855 5279
3612 3277
5760 6121
6003 5280
1702 3739
2600 979
1047 1167
5109 2377
6326 5437
4239 3315
3961 3976
1085 2090
135 1565
4560 5547
2497 4062
5496 362
1040 5526
4155 1997
4989 5806
116 6268
3918 3437
1644 3703
1274 1048
1151 5558
665 3597
2200 5768
6343 3462
3643 1965
1820 6137
3732 6149
3346 2366
1830 525
5066 4741
5902 3004
1867 2023
4747 3673
598 2415
1972 1767
3247 4927
1143 6007
4402 3379
3706 4035
6032 4612
5086 5009
481 2370
3476 1550
40 1573
3462 4002
2871 3370
936 2888
5709 4268
3245 5353
269 982
4183 3496
6294 552
4572 3606
3790 5459
4882 2558
1200 267
5522 2993
426 5287
4906 4401
2310 1381
4461 2012
6364 1682
2914 5622
1009 1580
2788 5009
3653 4437
2209 790
4207 5998
5886 828
3622 3908
3512 313
3127 108
6350 5031
695 5932
2462 3868
3395 4210
2819 4381
1002 1674
5332 5813
2025 5003
1627 1458
5574 1153
5754 626
1893 2868
5988 2000
2789 319
4196 4289
2074 3685
2667 281
3479 2228
5730 4191
5117 3615
1083 349
3636 3900
5247 5455
5890 2593
1296 6332
5273 5034
5005 3244
5783 2461
2640 1186
4603 1902
339 5685
2046 1049
4347 1036
6336 2883
5408 5408
5660 3564
5087 3556
4671 4209
5266 1068
5466 6309
3357 1085
3149 2839
3389 154
5180 151
5220 4629
5838 5369
4384 1820
4676 6154
2741 266
4816 944
273 823
203 3056
143 6421
1461 3440
2593 4885
2831 5125
4968 1161
3391 2329
198 2470
5666 459
5846 4410
3163 4093
5988 5720
266 2273
1445 592
156 5400
2353 79
3464 6341
561 55
2208 4153
3147 5653
4118 3588
2679 5944
4916 4665
2176 4881
2124 307
3088 3527
4727 1497
362 6293
1188 3643
2184 5223
6336 2523
5413 2192
3977 1747
761 606
2785 1675
389 5297
2230 5076
2754 26
4635 5037
2970 3033
6347 4501
4599 4933
5081 5991
4286 1099
3955 1512
3543 1944
5096 2850
3615 704
2757 5397
4247 2364
3485 4643
1020 2803
2451 2200
3159 1358
6411 4888
4310 1221
4041 2552
5206 1951
6365 100
3431 2141
809 2709
2866 2307
2510 5156
466 2971
5507 5898
6222 5375
5759 2872
546 3910
3895 3779
5146 4138
512 6119
3158 5332
6151 814
487 716
1015 6003
2505 3731
5429 5824
153 5601
4542 1615
5660 1188
5963 1010
648 1950
2624 5283
1926 4358
2672 3340
3568 3155
1540 3397
3292 4194
4594 2570
172 4790
2543 716
1448 1137
2782 5114
1225 1485
2928 3505
3575 5892
1920 5333
3424 1741
6270 2608
2078 211
4105 3559
1726 4114
4709 5965
3089 1079
507 969
3154 5473
2537 273
1856 178
5063 87
2969 4648
2786 3915
5953 236
5547 4685
3502 871
2438 3417
6010 5142
2822 5307
1680 4353
5122 2979
1948 849
6139 6003
28 3079
804 1253
5715 570
2185 3929
5559 2134
797 1554
484 4996
933 464
814 6379
3103 5151
467 5541
2667 5115
2985 6327
2305 3964
6088 3528
1229 5312
64 4310
937 693
3182 2982
6127 4212
871 6020
1228 2647
326 5874
5195 5113
5006 4082
4743 4444
4726 4140
3843 3503
2692 6025
2736 5420
5369 4939
2971 2110
432 1073
6424 2516
5353 5151
4687 1550
5881 735
545 391
1644 2383
307 398
5205 5464
4364 5446
1154 5896
2286 4980
3667 2659
6355 2404
363 3757
3744 3600
230 3882
728 3408
3167 6400
2568 3078
391 1535
6061 1295
363 3318
3168 5472
6046 788
5291 5707
5279 3868
3778 3288
5010 1190
4039 5815
2893 4145
5140 1692
6367 2662
6400 1781
3339 5743
6000 3901
3425 3090
539 4634
490 5580
698 4282
5129 3451
3045 2599
253 6192
3404 2585
3309 5909
1306 5834
3358 2166
5747 3240
5236 3416
6055 1031
756 1157
5351 4375
3895 5823
3930 4978
631 1229
2520 2145
3976 1737
5264 383
4285 2680
4831 5223
345 5043
1671 5952
876 0
6309 1069
636 6308
216 6279
2283 1897
6000 523
2326 521
4575 2518
6209 4465
1132 2573
1604 634
827 3775
2573 5280
2297 2790
1815 267
2110 3689
2647 3319
3933 2316
5448 2505
2149 1924
5486 1426
1995 5204
3163 3640
1662 3694
6288 4103
3409 5371
950 3193
2315 4464
2521 2457
5047 2448
5751 3539
4656 2821
2144 5261
3673 5250
443 1780
573 431
6424 1857
5559 3135
2553 3990
66 3820
647 4667
1001 847
3077 5996
2919 1022
4229 1647
5202 4394
5781 6226
5437 519
2188 1823
2420 6335
1183 6172
214 5762
4080 6259
2831 400
563 3190
5817 3827
6106 53
565 3209
117 3051
2152 4701
3662 2187
5365 3219
1352 4815
5635 2107
5360 2179
3748 4124
2077 2292
6324 4323
4254 13
4552 1279
2446 5450
3660 4470
50 4391
5756 3047
2241 549
4577 2137
3602 1839
2602 4563
2258 1548
5691 5039
3043 343
3066 526
1454 1787
4763 994
282 2854
1806 550
2624 2084
3307 536
5875 1269
1205 733
3629 2737
2429 4863
2060 3119
4462 4567
3568 2520
144 1434
497 3510
3097 2069
3462 2776
5729 2377
13 4608
4485 1512
1973 3013
1505 1390
3647 2838
2569 1261
2380 337
5850 5594
3233 3076
100 3361
3004 6092
807 2517
2742 1180
4829 4517
1419 802
27 147
5891 3116
3458 5652
4656 2098
691 836
163 2291
691 5285
2415 2044
4327 3924
1388 5506
3276 3162
5376 4156
737 1324
5498 4993
3076 1196
888 2957
2800 1824
1472 2973
5234 5596
5902 218
3191 2096
2610 2740
3319 5227
3249 492
727 5704
2137 4843
1666 3749
3395 4681
4471 2302
2979 1204
2505 2272
4295 3440
4005 5792
4103 38
1099 1850
5496 2109
4163 523
6346 1823
5608 2025
3789 1131
3600 5019
1793 3536
6279 3096
3917 2741
2952 4564
4541 5265
5408 1353
5764 6094
5713 6366
652 3984
2510 5969
1348 4136
3188 5413
2594 4565
971 1872
438 2939
1477 1574
2223 4994
5842 631
1701 4321
499 1884
652 816
2113 1197
3975 1237
1560 3481
2189 6159
5062 1362
1718 1992
1002 5977
1611 831
4892 5356
6372 425
2061 2593
523 2624
2822 6198
5020 614
60 5880
3350 696
5654 3386
262 4220
5624 3954
4690 767
716 6293
5298 3552
4028 4735
1830 5252
1610 302
128 1543
4622 1003
1872 4281
3745 2128
5520 1422
4475 3551
3883 5214
4877 5169
3044 2113
4898 2211
2624 2883
3500 3187
4381 628
4461 5933
2703 4445
4493 437
3990 86
2525 4943
5414 5286
3802 4341
5827 2382
1087 1633
3484 3411
6171 717
3482 6387
4283 5351
6239 2830
3257 5432
6135 5538
5976 5314
5341 4635
4626 297
5603 127
1252 1831
4258 5084
1610 2510
269 4255
5375 264
3142 677
3328 1048
3087 2763
2778 1022
5623 216
315 1528
3633 6216
1185 346
5453 1412
1041 1670
1693 5701
5541 88
6023 3446
3733 6413
6375 4592
5100 5199
4872 2722
622 1251
2758 99
5702 3668
5377 2665
2316 5148
298 5940
6401 1176
4932 6079
2621 4535
2498 5412
108 6062
703 2362
2143 5372
605 2804
5930 5267
5917 5258
5116 6199
261 5312
2877 2484
172 110
1677 6340
4738 3516
3796 5556
1533 3288
488 10
365 47
1699 2751
3760 6049
1290 3653
3169 6053
1207 714
3913 4323
6116 4203
4971 5997
4567 3873
1185 3988
31 4939
2510 5401
3671 3368
463 2359
2043 6371
523 1305
608 5111
809 6190
5151 3716
4798 4075
2177 5728
3945 5870
2141 1053
2579 30
380 5005
5766 984
6328 5398
3637 729
836 339
6056 4613
5254 2797
4424 300
5037 950
2300 4387
4473 4317
2042 2681
1331 1556
6330 3955
2828 5259
3878 4526
5525 345
1432 5717
1438 1407
3417 6196
2847 123
490 3268
1920 2688
5859 322
4432 347
2957 3197
485 1138
1165 6377
2640 2669
4082 1284
3951 2977
5566 1895
1699 4727
5599 2890
1155 4128
6229 1894
3662 1036
4265 4090
1379 2886
1902 2725
5513 4248
2422 976
4265 278
133 5507
2274 4716
830 886
808 3000
6362 5371
3263 1945
3934 3874
3515 475
2990 1274
2929 1853
344 2846
1642 5488
1876 492
3304 3100
2628 4093
1441 4129
1464 2595
3988 1905
4491 4121
1812 4622
3747 1176
3286 691
516 4246
2917 1895
1393 2359
184 542
4847 3319
4771 1191
4273 5215
4309 5825
739 1229
2240 424
4539 4651
3103 3656
195 4343
146 5331
387 564
1793 4319
2975 5071
4239 3275
199 1235
653 3220
2152 4458
235 4595
550 840
171 1887
5897 2568
4928 3427
438 3893
1259 4459
5600 6090
4640 4705
972 5792
5125 1892
5847 5738
6192 3491
1456 370
3024 1710
5267 371
2101 1521
4732 2770
4238 1756
4458 603
3500 1788
4075 5352
5782 1796
825 106
5097 6309
4422 6218
3497 4108
4060 5963
5748 4141
810 5456
3345 2414
616 879
4783 424
4531 5191
245 1607
1186 2270
3063 5525
2784 4423
3977 3293
5573 535
3701 2941
3988 852
2401 945
1258 6418
1399 3119
2358 3495
5885 3864
1357 3905
2219 6055
2533 978
5850 5767
4400 3877
3191 1038
42 2889
2952 6083
2014 3830
2263 6144
639 1513
5958 2118
1475 4837
857 4204
3162 3991
682 6317
4288 1902
193 1445
719 983
5205 3633
996 3318
6243 6323
3246 595
1385 62
4839 6137
852 3206
3159 5861
2792 6213
3344 544
2399 5572
2938 2919
2109 3428
5334 4932
4649 5749
4989 1895
369 447
708 713
5150 2267
537 2502
4269 658
5957 663
1694 5319
446 3191
3233 2682
93 6040
5192 3593
796 2009
5150 899
1443 1567
608 1647
5252 4893
351 11
808 3565
1423 91
1361 47
3006 5742
1561 2752
2111 5848
5231 135
1484 3882
5257 4549
240 4420
5562 1051
5314 5521
4706 5050
5386 2150
3029 3418
565 5950
4752 2318
5157 878
436 1371
1740 5954
4889 1097
3480 4679
767 2655
6394 180
625 1431
4509 4706
4907 4319
1265 5897
1265 2606
3788 3708
3765 3094
2114 4333
5431 2496
4161 3277
3460 456
3878 3974
3227 1370
2274 1888
567 3181
5521 2950
3046 1737
1092 3824
3276 1928
1148 775
5261 3597
3955 6127
4600 1177
4724 6130
3189 4782
621 2229
2038 3466
5023 4211
2902 3136
4816 3439
5318 3794
4333 4108
2152 520
946 6405
2610 2602
2145 6014
4251 5487
3963 347
5967 5837
1586 2853
4553 4392
1411 3092
2652 1768
671 5102
309 2392
6095 4529
3607 105
3661 1823
3351 1482
3697 5679
267
1000
30 8
105 123
132 252
223 17
36 115
217 13
98 18
202 175
82 99
233 40
130 220
263 85
69 184
57 263
29 82
21 248
202 44
47 65
26 213
182 38
121 190
84 52
32 162
225 77
70 184
125 115
44 45
239 61
252 35
265 180
212 103
56 53
19 205
245 196
188 256
149 146
134 3
68 75
125 156
24 12
198 32
201 202
42 68
125 88
48 228
33 241
153 106
242 242
158 41
164 223
27 224
91 111
68 29
138 113
20 253
112 193
81 179
190 157
11 185
69 155
39 15
60 192
118 151
35 76
118 153
20 85
248 261
22 137
195 19
19 165
193 54
101 196
167 27
114 75
162 126
72 45
211 229
92 212
237 256
151 171
159 4
99 29
183 74
3 149
43 239
257 53
89 65
186 47
215 171
17 164
260 161
60 96
0 35
190 130
93 6
142 261
189 253
178 225
123 251
141 20
150 209
136 2
183 139
221 11
259 117
135 66
174 200
57 53
144 252
75 205
154 57
210 21
126 129
56 201
149 266
132 146
234 177
227 183
37 14
225 126
52 32
71 72
53 156
155 187
123 222
97 8
195 100
72 21
70 130
64 255
208 85
103 91
101 110
173 226
74 256
72 250
232 16
109 98
176 45
10 182
137 69
143 76
146 244
101 212
81 150
22 265
40 41
182 69
123 241
177 260
170 54
98 189
210 75
139 177
154 34
125 3
78 117
122 135
45 92
34 105
37 259
40 150
48 206
133 41
174 182
124 45
210 227
123 78
88 25
198 116
119 124
200 142
190 14
17 122
14 197
68 195
141 264
152 137
44 24
177 180
164 127
237 62
139 262
116 191
1 246
150 148
17 125
179 234
168 188
24 113
235 2
182 72
194 72
29 81
233 86
169 117
11 83
155 224
108 163
64 211
47 127
127 163
246 145
170 198
252 127
171 7
74 119
134 49
57 204
213 218
10 210
86 34
228 232
73 145
252 203
222 229
165 104
86 16
141 100
210 139
135 244
143 202
47 95
190 259
136 91
201 24
40 169
97 58
3 7
186 163
184 152
214 10
111 12
253 65
96 156
261 58
55 206
134 145
126 187
80 27
215 93
168 84
126 155
199 232
41 107
129 168
37 74
194 259
15 201
145 174
246 215
233 70
89 72
189 197
72 196
93 30
42 160
92 78
58 47
120 37
255 24
190 165
150 112
71 71
234 78
226 57
252 134
257 256
10 26
184 8
71 218
52 209
246 151
122 210
169 168
26 208
9 223
219 6
118 242
168 39
96 243
111 194
102 67
21 12
234 233
17 19
4 231
24 182
39 1
64 97
172 236
199 13
162 181
16 166
83 131
28 215
150 210
17 160
181 198
258 232
190 185
118 157
247 244
49 46
122 89
160 25
205 146
170 148
197 9
252 45
170 250
188 58
60 30
111 130
158 253
170 124
217 102
139 265
96 221
213 154
234 187
116 106
171 136
196 160
95 89
94 200
106 249
236 236
225 197
197 223
4 253
49 252
83 263
143 110
238 80
70 151
7 52
194 149
131 11
95 24
209 56
41 40
15 124
197 220
40 141
197 87
112 177
186 53
244 47
21 127
235 161
66 14
173 245
74 81
133 188
71 95
178 60
154 10
225 92
95 223
49 72
201 263
255 226
117 97
3 179
52 163
42 100
42 49
20 165
114 13
88 119
62 20
160 255
30 184
250 134
240 260
223 254
33 264
218 22
9 27
82 170
28 8
212 147
79 122
83 213
12 0
40 133
27 188
54 240
20 19
222 112
21 165
181 10
216 252
183 212
173 228
46 47
200 245
164 45
111 87
180 235
25 90
239 54
264 107
138 203
227 12
113 186
259 229
86 2
133 87
246 65
214 156
82 37
40 20
182 102
118 13
238 81
22 32
191 0
25 249
189 68
27 236
247 58
216 222
16 118
136 208
53 213
123 85
212 6
235 119
142 167
202 177
70 116
85 223
190 244
41 83
65 202
80 56
132 138
152 129
9 59
235 23
184 29
135 208
85 91
83 109
130 120
26 121
135 225
176 81
153 136
194 138
3 29
194 161
207 40
103 191
260 39
75 247
256 252
140 201
183 23
243 177
215 62
123 204
51 151
133 12
105 4
240 232
79 166
57 265
198 162
8 206
199 203
245 104
191 46
78 24
223 167
230 239
18 125
55 246
125 102
157 123
153 109
33 54
110 96
250 193
129 221
1 158
162 143
266 48
63 62
56 90
79 90
140 178
260 250
259 154
239 195
59 102
125 227
7 232
98 202
20 151
110 261
66 194
39 39
94 189
254 105
107 102
71 97
118 40
97 212
122 22
164 17
181 63
245 192
60 52
198 146
92 243
114 179
15 186
89 75
96 262
252 8
116 19
70 128
86 249
248 204
28 107
47 128
235 164
145 226
261 101
141 102
97 77
174 195
195 144
4 147
103 117
216 22
139 87
246 252
15 205
255 37
213 52
262 30
3 216
48 27
188 208
6 32
249 104
115 0
125 22
236 133
187 33
94 89
81 156
7 128
190 150
251 227
86 48
78 1
18 43
234 239
76 98
54 22
5 15
114 41
172 59
12 254
7 15
186 102
237 138
250 76
93 219
90 228
171 160
256 108
156 0
3 8
133 165
168 92
12 149
113 65
94 143
168 106
191 84
172 62
0 39
182 204
150 6
168 131
43 57
134 154
121 67
168 39
225 265
194 95
17 134
91 165
13 109
197 17
176 182
202 235
100 48
92 62
12 265
216 248
128 150
81 191
79 145
70 118
195 74
11 34
178 49
256 194
244 222
9 221
77 22
25 194
169 104
253 8
77 186
216 169
21 190
16 249
21 150
133 59
2 255
69 15
117 138
170 230
151 250
15 230
153 16
250 191
83 93
149 187
16 69
86 46
46 260
109 98
158 67
36 95
43 35
170 74
231 31
256 38
142 55
124 265
224 156
163 242
104 230
171 189
129 206
220 132
236 264
11 20
236 234
247 146
106 38
228 108
116 51
123 142
67 240
208 138
110 11
29 53
7 68
18 142
106 228
1 225
134 219
9 37
100 230
175 236
99 80
117 65
45 105
190 220
38 142
175 126
260 43
199 86
27 172
6 82
149 96
131 77
131 187
90 198
50 15
163 124
24 67
59 69
120 258
208 99
72 34
87 148
126 100
61 78
153 56
220 52
187 8
138 5
12 0
79 168
97 51
79 14
225 237
73 200
247 232
182 243
229 134
188 127
177 263
35 137
254 148
171 191
29 54
115 13
69 115
225 55
176 40
264 255
142 238
113 31
208 247
53 200
230 70
199 38
228 120
41 131
26 44
87 261
186 247
120 184
34 59
133 91
51 260
169 210
260 196
45 136
150 155
235 3
39 189
92 31
259 31
157 201
13 60
204 120
25 106
49 241
25 224
194 175
164 80
205 216
260 157
235 149
23 65
60 254
198 83
121 141
105 127
32 201
224 190
260 21
80 235
77 250
16 28
204 111
32 200
159 152
261 60
134 19
67 176
134 219
228 106
181 163
230 120
202 182
228 175
247 29
151 39
171 41
218 210
16 244
192 147
28 1
158 179
104 21
180 0
125 215
39 51
61 236
246 224
118 31
57 18
22 163
137 10
164 126
164 122
225 23
62 141
202 88
189 52
200 17
40 158
29 103
48 236
116 141
252 160
47 127
247 200
34 58
128 220
213 53
161 248
149 166
78 132
67 235
197 32
246 70
54 171
44 160
64 49
204 123
74 78
167 266
195 2
209 132
189 52
27 246
247 94
36 254
213 34
12 146
172 80
149 151
114 135
164 36
136 36
70 21
244 48
204 12
193 134
48 53
42 240
26 92
218 154
4 41
1 194
219 233
7 218
265 235
259 260
246 260
22 129
223 187
223 108
141 262
70 81
225 151
42 58
232 195
59 14
179 210
45 2
7 40
246 149
109 130
136 117
83 178
13 201
91 103
29 144
17 225
19 219
21 6
77 201
69 265
24 251
113 39
45 152
90 85
145 124
154 63
98 120
65 108
152 146
35 33
163 128
151 56
232 191
179 200
134 192
159 138
48 120
77 123
163 262
51 236
4 120
108 97
79 66
178 107
95 259
13 101
205 222
191 135
119 188
49 32
124 80
119 239
65 13
228 114
122 163
185 52
48 252
125 223
185 39
198 68
129 30
115 95
69 22
39 72
38 200
81 42
126 79
36 1
201 68
80 250
128 210
147 39
208 191
224 26
58 185
183 178
50 225
31 243
181 230
143 10
177 15
107 49
26 248
54 75
266 31
199 241
120 120
230 79
4 133
24 213
164 136
175 24
191 172
114 246
89 258
60 5
39 118
40 190
263 78
186 71
21 171
25 166
133 65
85 59
188 149
220 207
45 47
152 237
175 233
171 51
22 89
43 67
246 39
96 244
209 99
113 94
47 47
241 108
149 109
1 234
252 54
208 20
187 166
228 195
87 14
166 70
180 139
179 89
128 5
65 260
205 226
232 79
246 84
235 129
150 20
16 134
49 266
221 202
228 51
233 104
182 178
6230
1000
6081 3640
3923 5676
5769 37
5949 4195
1636 921
5339 1018
5991 27
5282 6071
2139 4977
639 4828
4067 5189
5198 2594
2862 808
6015 5626
2538 6046
1874 4522
3621 2486
2137 3591
5819 399
4828 3522
3777 1989
4405 2
3857 1315
4699 1391
1081 3809
18 446
2109 3288
1190 1572
852 2287
2634 2746
5065 1651
3473 1333
4332 866
866 2124
4818 2698
1274 5562
2744 3851
2203 3268
929 3060
3005 1971
4995 3480
1021 5528
3186 1790
958 2017
930 1557
925 3994
1968 151
3552 2370
1834 4717
4545 453
4360 1825
5485 4493
1036 1178
944 5043
3241 831
2118 1137
5537 197
3981 1844
1040 279
103 2976
1321 4554
2681 4196
1584 4111
962 3519
4505 3512
6171 566
1181 681
4692 2610
5068 1709
5241 5361
2499 4195
2673 1947
2645 244
5403 2136
4863 3116
5403 2385
5543 5611
1496 988
1155 569
4354 5544
2471 4892
4378 4033
1229 5084
1676 2715
3001 1818
5276 4076
6097 959
2407 119
3413 4528
1438 36
3285 746
3421 64
2099 1283
2832 4047
3906 26
2167 3728
3852 34
444 4392
982 2327
6024 270
5602 1726
4714 5231
2490 4011
2385 4096
5903 5582
4717 4447
628 609
4601 2571
3713 4678
710 2561
5206 2064
1865 4464
4746 1276
4515 5604
6130 3167
3875 468
2395 3880
2015 4844
4800 2863
4010 4384
1255 2780
3974 2166
2337 1086
792 2893
3242 4833
2641 5604
413 1576
1781 2193
5167 1500
2601 3600
1809 1212
3629 1165
653 5592
1276 4737
1225 5637
2547 975
1352 1203
3044 1254
3007 478
4244 758
2070 862
4694 3137
4705 6077
5197 4321
2574 3665
669 4976
1300 1077
4554 721
482 4785
3005 325
17 3545
3065 3838
68 310
558 367
4834 245
5858 2386
2262 5192
5586 398
722 1321
36 3068
2709 3974
2473 4818
3557 5679
1405 5613
4286 1849
2503 435
6188 1803
1259 1522
4417 3649
781 2351
537 5005
2861 3666
3324 4562
3435 5435
1766 1141
2470 5000
6010 2477
330 5883
4290 4264
110 5753
5683 5879
709 2875
5807 4171
4246 4771
4779 4778
1156 3399
1276 851
2039 2369
5446 2260
1997 2575
1061 600
5704 1733
5501 3071
1660 4275
3813 3072
706 3778
1965 1654
5814 3409
5243 251
5158 4525
1680 2478
391 5757
4125 1710
1289 13
28 5421
1441 2260
2427 2774
1421 5461
2738 1279
2449 3524
572 3654
328 4454
570 6202
3733 3855
1152 3357
3692 83
5550 2852
4205 3397
2914 1609
1597 4608
4074 104
6195 3667
207 6050
329 2344
4565 2701
2696 3744
853 4729
819 591
3144 6008
93 3987
4257 3178
4495 1851
5573 1773
2270 2574
5301 5337
1292 5985
5733 1377
1160 5796
2573 4122
1011 2354
4432 2948
436 1632
4462 3322
4598 722
2789 2488
4541 165
112 5265
1464 677
5691 5429
5591 1271
4858 3770
3408 3706
4434 4853
5273 2367
5229 3313
527 3513
2696 1475
953 4307
113 5844
4714 3287
2511 5759
1451 4025
559 2629
5906 134
1061 1932
4270 4900
5750 3402
3708 2453
5143 5377
2489 1001
3629 5250
5740 4106
3389 4820
5703 17
1432 1799
4017 5373
4379 1626
4134 1858
3354 5518
4542 4306
6207 3788
516 1617
2907 1426
1045 2804
5655 4877
4327 1048
825 645
4916 1550
4992 3301
4949 1508
1488 2297
2214 1342
3291 292
389 3077
4627 2418
2879 467
3568 2428
5170 5456
4848 6039
2454 5602
4204 6133
4639 60
6091 679
5346 2754
439 3543
5431 5650
5799 3159
5821 3374
2677 1725
2581 2597
3252 2046
2146 6176
1183 978
564 5347
3012 441
5842 4352
2940 3312
4530 3014
3531 3996
5193 5910
3407 2179
2452 1042
947 4738
5753 3610
3407 5373
557 3000
4325 5433
2050 4871
2914 422
4439 2261
1045 3759
6214 2532
4693 897
4512 2007
544 4551
4330 1870
4953 4302
4801 2643
4652 1322
5720 928
3799 450
882 1592
5087 5928
5869 805
2465 3972
2551 6211
971 4132
5143 2268
271 5601
1510 1415
2658 5927
6204 2059
1423 2019
3599 4681
2 1200
1919 944
4465 322
3299 3346
2526 4647
6132 360
447 4851
3849 5107
6178 2082
4295 1582
3088 3303
5932 338
6172 2165
4889 1340
688 2126
3453 4198
4459 363
109 4928
3465 2139
2343 355
1231 4250
4930 2332
5757 1745
3985 3505
2736 1290
5671 3615
701 2419
2671 932
2281 1545
4260 2690
1832 1429
5380 5662
853 955
4766 2197
1154 3900
1423 1362
4165 2947
3070 1416
3055 420
6106 1172
1624 5599
2144 934
6022 1375
4184 3313
4095 4425
5293 1743
1625 2199
339 3894
4771 430
1769 1268
1562 1222
117 1091
4814 5098
79 3656
2598 1268
65 446
5724 85
3993 691
1738 826
5261 4180
4170 2101
1211 873
5124 1327
5474 5756
5013 1261
878 3075
1551 38
5498 4446
4266 5765
5043 6138
5858 2294
5135 249
3831 5751
1527 5692
2124 901
97 1430
4274 2861
4504 4340
3985 1169
2948 3848
1213 988
2482 1454
1657 662
3739 5311
362 3166
3839 3219
5763 2357
2375 3934
1807 3145
3837 561
3442 2340
4220 4997
4553 2701
5829 1454
4626 3316
869 4429
2221 3543
4311 4585
1720 4502
5337 4992
3153 1911
2989 5463
291 4402
3640 1975
3643 898
3280 6192
1020 748
1415 1333
288 3766
4029 485
4675 985
765 875
5795 5178
2570 5459
2018 5729
4743 5995
1001 1924
6116 3388
3796 1143
6115 116
5475 4563
1772 3370
4940 3180
3028 2764
589 3755
5888 3977
2444 2082
4941 3453
4831 3682
1650 5425
3509 4218
5279 5788
2081 4666
4476 2101
3156 224
5014 3682
1814 5784
2940 2922
806 2090
1120 4363
2098 4899
4447 3900
6146 6142
1278 4939
4677 3
4658 1485
6213 5310
1824 4655
3719 3916
3738 5597
1626 5288
4180 3739
5608 5590
4519 2104
3055 3245
1238 783
4200 3364
2308 3818
5985 2466
5214 3913
5819 6096
719 3609
6218 5729
4360 2460
1373 4457
443 4304
1278 2380
876 5008
1644 3315
1342 4910
4879 3795
727 3326
1664 3087
2410 4322
3686 1516
5057 3390
645 4304
2837 4961
51 4674
592 3495
4571 4765
2308 2990
255 1458
2611 5561
4232 3312
5652 4757
150 3365
3946 6042
1463 3554
3173 5135
1657 2146
2600 5962
1844 438
2183 2448
2230 572
5544 792
665 3480
4686 704
5228 1115
848 3286
895 2006
252 1803
3485 808
4059 2559
2718 5553
1734 4630
5977 2445
2277 6192
4780 1846
5961 5706
2795 555
2737 5647
3537 783
4883 1614
1 5164
2150 4876
5683 599
4045 5934
3888 446
4477 160
4299 2428
4792 4923
4716 5964
4933 4454
6189 3584
4399 6185
4922 1520
4632 2641
1900 1629
1916 4166
4824 6053
1404 2765
5862 1834
5118 1009
3259 2838
3406 1097
5068 4516
5302 5402
3696 36
1355 2314
5789 628
3510 458
1629 2835
1410 2469
6140 54
1370 842
249 4689
2610 48
5758 768
5732 2544
4176 1549
77 4202
2019 2011
1169 1108
1571 758
5278 5773
4670 576
3419 1058
446 108
4586 2947
4712 2719
5928 4939
4650 1211
4319 2395
1845 3465
5247 4636
2052 217
974 3276
4599 2343
2851 3288
3906 3396
313 1719
2292 4722
4340 2339
4975 3636
3154 89
6129 509
5908 2109
1316 6077
3113 4450
1185 5070
3358 4887
2445 1960
4380 2781
4930 405
1075 4765
2865 5444
625 3156
1105 2062
3831 2153
3799 1265
2827 3568
4815 3407
1432 3428
2130 824
2830 1814
2988 2266
3092 1403
3503 4274
1514 3520
2736 5330
499 485
5131 5249
4333 4217
1688 202
4157 3475
1636 381
2495 3944
1178 4001
5172 3169
2586 3843
479 5603
3217 5979
4574 3643
1061 2512
556 6118
723 1254
3124 5970
4231 3626
2731 1609
1 2304
1687 1939
2508 1378
698 4057
226 1277
5218 2341
1849 2986
329 4585
822 520
5031 4259
5467 2104
4236 4548
1593 392
3438 4484
357 625
2214 2701
5832 5219
2353 4529
33 2263
1365 3089
3727 5224
5451 5458
4377 1035
4673 2801
733 3130
406 5877
1457 108
3853 3442
2941 1043
634 1721
3851 143
2354 3595
2180 2728
1576 4659
2345 521
1849 41
736 835
621 466
2848 1625
4132 2497
1642 4435
5670 546
3733 423
1191 5394
978 3047
3709 409
2187 5551
3749 3209
4808 5846
4101 3856
4422 2093
521 5954
5220 6033
2885 500
1462 3011
3048 5493
1991 3073
4737 892
5997 192
3673 360
5504 178
4681 786
595 3759
1787 41
4303 3827
5779 1163
4916 1313
3012 5150
5979 1284
4429 512
1864 1066
5171 730
4826 3835
5158 4591
4004 5017
1054 1172
3006 211
5127 1982
1988 5832
2348 3247
2090 1543
2561 3736
6153 1215
276 3213
5638 5975
3765 2192
3382 361
4193 1888
483 3826
3979 364
3655 4280
2805 178
4642 6229
5343 5013
5105 2001
1253 2874
961 5407
195 1925
297 2450
6219 2553
2203 3893
2973 4501
1173 4702
1297 3534
4210 4929
1335 5352
450 2294
5341 142
2872 2791
4344 3552
6132 5034
3193 4242
3458 1686
1289 5520
259 289
4623 4915
4272 5286
2611 3675
1915 4669
72 3052
6086 2716
2550 2821
4644 3980
1491 5269
5360 914
2856 5858
556 3632
3043 1407
1274 1732
4176 1032
4173 1698
3591 4261
4739 1634
580 1066
2125 5773
3749 3630
3785 3769
5194 85
2011 5889
5414 3644
1072 2314
3558 3386
1375 4417
1313 3699
2921 1124
1294 3639
6003 5272
6025 115
5714 278
5715 4767
373 297
5505 5043
2824 754
941 6104
2549 3804
4139 247
2269 1023
1377 558
3819 4026
5766 1335
2828 5069
628 4103
389 5602
3389 5902
1452 5243
5505 3070
3761 3061
5766 5267
5234 335
496 4046
5852 2209
4408 1250
651 5074
1040 2062
320 2936
271 1427
4640 4619
2895 5915
5957 5980
631 3473
3027 3647
2986 3222
5990 3442
4608 238
576 1496
5187 891
4346 1586
4762 3182
373 2354
5752 875
1304 5717
869 4431
908 5069
2674 613
3011 1085
728 2416
4436 4457
153 5375
6053 5503
6126 5777
87 4759
4463 2269
603 4888
1532 531
3722 982
3598 4078
563 3468
5937 2778
5859 3786
5724 3544
5307 2142
1210 1051
2420 4100
5327 3713
390 82
1360 1765
679 2960
3319 479
3864 1840
6149 1683
514 3008
6062 5424
418 2461
4032 5547
5559 6150
2442 4027
3734 5533
874 1891
1557 5399
625 5391
196 795
2681 186
871 2939
2475 546
745 4947
4532 5135
626 4178
3275 547
631 4967
191 1332
6129 392
635 1113
2322 645
5528 5892
1567 254
4264 757
1651 1803
4796 384
5162 5467
5983 5011
4841 2401
3930 2977
6079 5011
4157 5899
3265 4641
2092 4839
2599 5813
597 2206
5781 4252
3555 5498
298 2417
3404 975
1615 1111
5052 2899
732 3391
912 984
4131 564
4770 3945
4564 2956
3884 5432
2973 845
5976 823
4068 1505
5951 900
3805 1217
4430 821
448 881
1236 3638
2240 5426
4816 1619
4282 804
5823 2863
1107 4788
5508 902
2454 236
961 5528
3175 1400
4498 1772
3692 626
4961 2383
3840 3787
3196 1016
2602 4871
2664 3614
4740 379
1866 1093
4350 1480
610 1767
1939 4445
769 3602
1263 615
461 3615
4497 4135
5171 1062
846 1045
3301 1263
3170 6134
3528 5352
1350 4842
3463 3881
4779 2228
1233 838
3302 1751
4261 5021
2631 3599
1900 1068
5488 4786
4556 2237
636 4496
2698 4348
887 551
3741 266
2753 3521
4135 457
1873 3874
2737 4934
27841
1000
3257 14155
4102 21433
25069 12720
22618 1715
19526 16943
22828 27500
26132 25607
8248 23358
15248 24725
12553 14488
12088 10
22972 6153
5305 15069
17672 4825
1617 21565
186 12385
12791 20426
22022 11859
13939 14405
11196 3481
13010 14084
13527 12968
11710 22250
12540 3402
1192 1749
3776 24832
169 10459
6762 12364
15146 22128
2554 27337
27265 3049
2667 22718
14556 1061
12854 25843
19235 4298
4182 14531
10137 5936
13587 24179
1796 25945
27834 24002
16653 1575
489 1729
22505 720
18004 24293
26425 9615
17923 25691
3438 2772
11802 7067
3315 3655
22940 6976
15685 619
5106 2583
418 11291
3880 17270
25645 18748
6139 5583
6535 12531
4878 20356
22015 21461
16131 3581
18096 9120
21800 761
7781 9001
2637 9249
258 12950
2177 3106
15904 27597
27606 3516
7928 9005
8032 14936
19330 24699
11077 17048
2782 25631
25912 25841
25330 3216
6653 27580
23381 12301
1907 24906
26475 16014
14289 24952
15314 16378
8752 10627
4861 666
13386 23070
9503 3534
10625 8130
22347 11518
21283 13638
26073 9940
13804 2030
3595 2023
8396 27209
3632 3644
8427 7671
3272 7594
2602 1735
14379 12186
1196 23753
5412 13240
20694 15650
16546 24934
6227 21596
13776 21677
857 768
20289 2745
4146 12391
3537 2823
20727 16333
20299 26007
22936 23463
3335 14438
545 2870
17621 1311
26625 18013
12765 4113
22786 3823
1351 2716
24030 15565
10584 8561
5812 1263
16350 14457
14678 19904
24527 1490
23559 26223
22061 16772
23939 16643
363 10923
3648 10735
1175 23347
4659 7654
27248 19596
6231 12784
23255 3355
24618 16830
2092 304
3960 22586
1144 12345
24092 1635
2313 1397
10115 7256
24925 4461
19635 3057
4225 13407
2763 25111
377 9210
9038 7949
21540 16912
3676 16395
4184 17416
3199 20438
15509 1492
22254 24075
15831 2339
21069 6135
21898 2070
19699 25519
5796 10425
15152 12637
11919 14699
335 2584
19591 26783
13848 2425
6211 198
473 18985
3862 8588
2662 22462
17625 25923
7583 15239
24770 20893
1073 17445
14488 2398
6624 669
777 16080
12547 7596
2652 16824
13840 666
15939 10633
3162 8402
1874 791
8343 14449
15063 3856
7143 19997
13120 3238
18450 23000
13827 3919
2321 20629
14716 25266
4049 842
14999 601
10803 1925
11504 3180
21591 5829
13881 19232
601 11458
14557 3563
16349 14092
1313 23034
7561 11164
11796 16422
526 26150
23136 24293
23989 1774
1725 22461
25678 13277
6355 14591
5832 787
18069 12209
20141 3967
3695 5580
7010 3118
19432 12456
7156 13858
11456 13236
9747 34
730 23402
24159 20888
16034 13442
9699 13529
5605 25446
223 9855
69 4902
23243 20221
7057 22830
19352 1587
10223 13813
16953 21761
9854 25847
14434 27098
19257 12708
21392 4761
17951 4378
5961 20823
10129 6993
3237 11261
25595 9365
781 12631
15030 2874
20035 21610
1069 3467
9634 4616
11071 15363
2216 5281
21989 23488
19633 19036
277 19764
14341 8550
5094 19230
19989 24202
11764 5560
12546 16899
13574 24114
15455 461
26094 1632
15672 18115
27825 2224
27475 13476
18408 7262
1973 3959
3749 27115
17512 5073
22043 25547
22908 8692
20280 5982
27468 13914
16020 2593
9731 20626
1934 2661
12894 15435
1780 193
26547 1006
21861 10885
24370 3377
5298 12142
19563 8490
19529 2144
16144 18017
9748 14032
12796 8424
607 10177
2933 23023
6714 17139
1517 13651
8478 3478
7824 15543
10707 260
442 8406
21136 2608
2822 17687
4004 12700
22479 10595
4566 21511
4144 9779
8393 27565
12174 12013
19362 21041
4695 3696
21932 469
4621 20973
20155 5806
446 22010
8719 9429
13144 10721
3196 5599
24474 15678
15816 17230
7915 3017
10581 3528
16208 15216
18943 3017
13369 24745
23880 4246
19134 23814
22963 8050
1639 3081
9325 7955
17331 12859
18994 24919
6290 25208
16239 21300
2163 19853
27556 26861
2758 12293
1037 6796
2041 21055
3264 1164
5637 20164
4313 214
9966 4824
25366 19439
3140 19791
23933 2671
1778 16290
25604 17077
16754 9538
15282 7897
19228 9516
0 2786
2983 446
10055 825
22961 3592
23318 10078
7930 5607
1760 25818
48 16655
671 20085
3565 870
18739 1767
2055 12376
1357 19541
12799 20712
25997 3254
10202 14148
3878 2259
14554 988
11339 2040
22531 2357
452 10663
3361 22202
26466 8842
2635 15570
7444 25964
17195 8183
19159 6568
15927 3524
6101 26017
25153 18449
13639 21683
1527 15101
10206 22890
4387 904
16481 16370
23156 5548
1943 9423
4737 13796
8551 17358
24587 8010
27454 13116
4482 6313
22961 24405
1995 22608
22884 23039
15937 1189
14122 21177
5114 11134
21357 19150
14923 2986
9425 22990
27790 3989
19988 5694
21794 23566
19257 2510
17332 17822
3364 15949
6333 26405
265 19353
2636 18402
23489 22745
9734 14223
2940 1710
13419 18416
13662 16935
24923 1195
12002 23348
19928 23898
15812 24413
588 2334
3870 3251
24207 20727
10705 1094
4899 2323
24614 2395
8002 2915
1205 2261
215 2355
26246 5244
4370 4986
22647 7132
10074 5296
18397 267
1305 7393
9838 17810
392 13312
11103 3939
8485 9853
12233 6611
25085 25
10833 26499
21555 10490
3592 10142
23808 22778
4240 17417
15032 21829
7041 6231
8528 11299
73 11325
29 25362
11228 1413
21726 19224
1410 24264
12285 662
5270 27415
19986 20962
9938 22776
27305 27343
1410 19033
12357 7566
26082 319
27045 6265
12611 23551
22597 21163
12209 25009
21544 7190
17876 1569
6357 1807
18964 1480
25504 6318
13568 3707
18218 2068
12529 2019
22571 24331
19690 7471
5999 20884
22211 23556
15647 11325
8327 635
18754 5105
13594 19023
4290 2899
16415 14540
9269 27344
11544 6478
18580 21417
16847 17579
17486 12376
14326 2221
17986 22486
6666 17288
13959 1782
26493 2114
7088 9145
17427 15990
25934 4828
13965 13055
16311 27445
14981 6510
21766 1022
10649 22782
8035 5489
16331 9675
12421 23637
16168 14910
4724 27479
2535 17612
9620 1693
12374 24032
8159 22038
19120 6677
4466 10582
337 3241
4683 11681
10445 20015
4240 19013
25053 23427
23700 5933
1980 24835
27351 8628
24016 17916
20044 1782
16525 3171
989 4334
23959 22726
6196 24188
14118 13953
9909 10436
2542 27701
8391 15231
21185 1973
25373 16395
3117 515
10416 22022
18025 7357
17996 6684
16182 16272
16207 3869
10625 27061
6062 7507
12167 6364
1848 7186
24637 11299
1374 6544
3055 2699
19124 21751
21543 3501
16498 7865
1551 1193
24638 4900
4058 25440
2541 25398
8866 1314
24327 8114
14156 4138
3786 14963
3503 25098
9074 12801
1020 2720
13496 7010
19033 17556
9113 4466
7368 4730
17240 14071
1871 13082
5062 21422
4697 9044
1024 7850
23388 19419
23291 19358
17333 5931
15869 3639
9880 7224
22379 1904
26477 3043
9097 20961
20276 6966
1597 4759
939 4744
3544 23915
563 13311
2001 24781
2541 12032
10704 1374
20651 24673
5299 4167
4036 3421
332 2246
12360 21326
16809 18312
5910 1940
26521 25782
19402 13146
13419 25745
26330 2107
13817 27328
9090 25920
13542 18344
24607 15566
22563 1853
4376 26206
8632 25112
25476 6253
10433 17611
10184 14132
13494 24945
9856 4826
7664 4808
1377 21993
5993 4419
27612 14335
17860 15260
1412 18630
18317 22888
3124 26405
4801 2989
1387 14520
19345 55
20090 13694
2978 1897
12640 7122
14106 2130
4211 24733
22423 20993
21826 776
4798 24537
16184 20729
15167 12456
7364 1143
8270 11060
8118 11373
25778 12567
20717 22105
4038 21453
26415 3066
10298 24588
1368 3151
859 13139
9143 19972
6549 4038
10421 4580
1078 25145
2038 6482
2164 11915
25926 25148
21426 5685
4974 590
19711 11554
20835 25127
8160 4290
11115 202
25679 2201
822 27351
2051 7582
787 12153
23794 960
257 1119
1108 8524
1888 20082
4971 7661
8725 20478
10816 14226
13345 2224
16047 14711
16088 8972
24934 25084
52 853
19625 1338
20871 12557
26522 18008
9553 15715
3767 12250
1711 26215
17828 4216
3197 4545
13867 27512
15735 24483
8321 947
8858 27132
8394 5054
3025 1007
287 18854
20886 3459
2191 1176
7758 12188
3045 1003
21815 5162
4075 3448
10568 479
13675 6697
5078 26792
16060 2002
13749 18196
26363 26115
21408 23320
20057 4317
1305 5047
4822 3558
21270 17276
26189 24537
24213 425
17841 9152
12686 13365
13718 19716
24530 10931
10227 24643
10160 15501
613 26531
7446 24634
25144 358
4090 15150
5731 15551
12792 1358
20945 14564
16189 16552
7079 14949
11939 6497
3394 10940
11549 494
18624 13861
26710 24455
14531 3823
27797 23257
4272 916
6628 10492
10944 773
1968 24740
15344 6858
21556 12187
24665 6346
14290 1135
1382 20197
16066 104
16866 5321
3758 17852
1650 5252
10268 2373
14179 23703
396 2100
5030 22604
26213 17217
3353 8778
1292 1508
2376 25959
2006 3462
10228 16317
12959 1400
1939 23552
21304 5990
2583 13583
1094 11271
8116 14280
6251 3670
10076 14113
3232 8263
20429 26228
20707 2098
2509 19995
19670 18772
755 380
4133 15863
17964 999
3241 20846
3444 9311
17486 2436
16492 8885
17137 17720
14732 1753
18061 8098
16437 885
3733 22073
17388 12980
15268 10233
21860 27744
7763 11614
18427 2805
17514 982
3208 4783
10748 19830
10580 488
4491 22764
1701 14563
18228 1461
67 8098
21448 14480
181 4348
16950 1905
2380 17843
7409 27195
22628 14914
21262 6249
4582 5430
4078 17931
144 4224
13853 2296
21752 1415
378 8003
25999 5827
5272 17895
18211 6023
2212 16071
20136 9758
15625 15258
24631 11290
4688 224
12119 14569
11213 21724
21628 27305
1333 3967
23501 22845
25492 15776
12586 14241
25119 19762
3438 8058
5605 16950
18673 15090
2026 20272
14162 16578
7063 20952
946 2511
78 2067
10948 11644
15705 4385
2757 53
4364 3864
3014 16338
19499 4048
26097 22430
18565 2721
5515 3442
2530 6923
26487 201
12004 10931
12028 21969
25000 16470
2248 14782
21230 13177
20276 8484
953 24479
9161 452
23226 6079
12803 420
23976 308
3926 15399
1073 9080
23663 4628
856 21708
3004 5880
5462 13881
1133 12658
26372 1978
4733 3660
15674 3515
21806 24840
503 14014
657 4795
17412 8285
9229 21279
22996 12597
15712 16355
11183 1951
2016 5701
26896 22499
4808 8931
11595 3559
176 25550
22386 16303
7645 4321
6522 22721
10554 4496
666 1061
4451 3460
2292 17368
27499 8231
22135 18871
1878 16763
23812 19198
9385 3374
2318 1013
19876 244
4105 9450
18252 16653
12988 22362
8878 25125
22006 3506
27616 20006
22313 19583
24970 25543
3282 16666
17829 19366
15705 7909
11139 9110
4215 9598
26384 1913
14432 20399
343 9427
27352 1509
22088 24918
19624 21732
16312 9922
2100 4089
1256 27056
14445 27633
27596 2859
18150 3656
9284 4035
19521 3941
20397 19677
6293 1604
27229 77
5002 2356
26345 1575
4673 4739
9707 8401
19711 13750
6915 1885
3265 3452
17180 11798
13102 21925
20465 4248
17015 3022
11471 27303
5369 4321
16540 10231
20321 13180
4376 23889
15892 5551
11107 8344
8654 25514
2303 8104
12168 23350
20120 12449
18336 4578
7362 15489
10292 1856
13569 14329
7886 25747
14542 7801
4230 959
21080 9102
21989 2764
1289 3693
17095 20871
779 1807
15491 13892
14668 16896
17421 2765
26750 21299
25563 17941
608 3416
19526 5486
13829 15538
3892 3580
21962 12642
16116 4714
19690 12871
1960 16603
22266 23242
107 4195
18732 884
19562 27448
6169 12292
11860 290
27325 9150
13241 4347
24259 4101
10286 27733
25091 4396
23279 26548
17738 201
26568 20999
27737 19148
1845 16787
16176 19855
10696 15598
16524 22319
25291 1902
237 21977
26151 4577
19294 23272
7556 25470
17456 27502
6322 3868
15366 16144
23879 2210
4117 24856
22922 510
24749 26565
4559 7387
23796 13797
17829 6477
21235 3557
9454 13262
18835 25514
14156 26669
1959 13657
7042 22853
11246 15739
20123 2924
15123 21510
1414 11182
9718 24116
18948 3066
19951 2009
24260 1690
5839 9972
11979 4584
1192 4291
19482 15680
656 19869
16779 17969
17379 1785
15357 25848
22151 3732
