3
2996
1000
606 1083
231 1612
2825 319
2212 127
213 2390
501 2255
276 2799
988 1073
2455 309
1586 2001
2906 925
2836 741
613 2335
2552 1259
1022 963
1937 348
1900 1322
2926 1021
482 1301
36 20
1370 661
2115 1751
2824 1511
1296 566
837 1606
576 2619
2865 527
1427 2797
2769 881
2922 713
2673 2285
2725 77
2757 1175
701 2777
1633 1310
157 65
1902 836
2611 2840
2879 1414
1030 1865
2420 1890
2993 827
2005 2366
1294 125
1819 2120
392 2064
2063 2062
1610 1828
1563 1352
834 1757
1849 2431
1205 201
1392 2664
199 358
1121 518
593 2698
1011 1961
1309 1119
2323 1827
821 2048
2223 1115
1120 2931
1332 1247
342 2133
1589 122
1962 2891
2806 2155
941 974
565 2893
368 701
587 291
2326 1021
2978 2426
699 441
2178 752
516 2952
970 1727
560 2568
2168 1635
2227 372
1067 432
257 1136
2920 1619
2809 159
1471 322
2582 2533
1992 419
2269 1011
1602 517
504 747
230 2757
2823 632
2179 1256
129 2234
568 800
1090 2522
2930 2224
1974 2256
720 2983
2636 1564
1876 2736
1784 158
2417 1231
1018 890
478 1512
1160 2812
492 121
889 2664
2874 2425
2339 2012
1251 2582
2242 2237
2449 1878
1355 2040
461 630
2124 613
308 2183
1876 2437
2236 1842
1856 2483
1346 1880
827 2676
1658 941
1408 1120
1031 1774
1058 248
2494 614
573 334
2217 1011
290 526
332 1953
1723 1946
558 2126
1860 944
1375 1821
829 1851
1846 2768
1005 1947
1599 2729
1586 660
2511 1081
50 853
251 596
2269 478
160 1235
264 2759
1628 387
1014 1444
1378 2841
1085 2001
2678 1767
2471 1272
383 2694
917 305
1476 836
568 557
1953 1927
614 7
1824 1203
1039 191
1716 597
861 812
2197 2001
2077 1017
2660 1041
2991 1386
299 678
1083 448
436 2230
509 2622
2379 814
185 2929
2070 1959
1776 1890
2453 1572
1327 1163
2041 2194
2761 372
187 2654
2559 186
196 1858
1998 2129
116 1198
2453 2113
258 1757
443 610
2323 2873
647 1325
345 1999
94 143
484 2050
713 1560
237 317
619 2766
2095 1475
2986 1695
95 1243
2985 841
1373 1380
2508 433
180 899
1916 2405
1680 2626
1664 1694
2146 1739
2025 2772
183 1014
2460 156
110 487
1985 2156
112 2175
2444 2525
429 197
1625 1381
1180 112
2110 1782
1110 1895
1039 175
1499 2520
2453 1034
1997 1056
2196 878
2365 859
2406 2317
423 1475
145 701
582 128
2710 2878
1348 2711
1054 819
1815 2921
1433 970
420 614
74 2701
2375 216
794 2567
2119 1878
2701 2737
2155 2198
1881 1093
1833 2238
1092 2005
1350 1091
940 380
774 38
1756 474
2669 2320
2778 1832
1863 1531
2375 2981
1644 209
2959 1503
2687 2756
2414 470
404 111
1158 2307
331 600
2362 2879
2615 2486
349 1681
1514 1025
1375 866
63 2700
1581 2628
2094 2187
36 1265
2935 2209
2552 1332
2585 1863
1308 2619
884 253
2821 2835
2225 372
2022 1581
1881 137
2719 1867
1713 2345
2211 1151
2412 1430
1582 2222
2281 493
283 2615
435 584
728 340
2026 2794
75 2138
1112 317
2589 2589
2979 1615
2234 994
2569 2311
344 2617
466 2722
163 2117
2700 2517
2276 1950
1737 2030
2452 2309
616 279
1520 229
2925 2962
2935 2033
2086 1638
1304 2461
138 1200
2128 395
1654 1077
2061 2279
1945 499
1592 944
16 2006
2853 1320
1289 390
421 61
322 894
1532 2738
1970 2018
2655 1706
985 961
1928 11
621 1424
2121 126
2216 947
1606 2988
2098 9
1218 1684
2170 2957
1251 2688
285 580
580 593
2878 244
2676 847
550 2231
1901 1624
1274 1669
562 2015
1821 642
2973 2916
1455 1652
643 930
1762 1455
473 1785
2296 465
719 2458
2022 1048
1243 892
1980 2974
376 124
1944 2305
871 1830
355 2743
1610 1249
2081 579
171 953
2300 1140
2584 1692
2912 2230
944 516
2062 2823
636 822
2886 51
1064 518
798 2767
791 2993
1020 751
298 818
1355 626
2612 1950
885 2014
1909 230
1422 1192
1544 1726
240 1589
2885 1395
63 994
2696 821
220 1081
2604 98
1866 700
411 686
718 1129
1822 1519
1334 1963
47 156
2417 2165
1929 2565
1598 1428
2376 1461
1187 1969
334 1152
811 2511
1349 293
1677 1446
2962 2646
2023 1681
842 2075
1935 1193
1623 261
461 2626
1696 1124
394 1049
876 2611
2531 59
448 1175
480 1678
412 1329
130 385
2725 2547
1639 504
2956 257
653 2277
2821 1844
1278 556
2404 620
1635 2506
2671 975
1655 1116
2546 2645
477 1750
2052 1377
2599 2203
1595 2108
2005 825
2714 264
1993 610
1124 2579
625 644
407 710
2488 1829
1786 2376
1876 2144
2828 2611
2572 1062
35 1146
1356 392
812 183
1557 1280
271 2491
1919 2451
2516 202
2396 362
2343 2353
794 1579
1582 2611
2020 1058
729 949
561 483
1715 178
845 2762
1574 469
1085 78
1087 1554
1869 1882
2535 2928
1084 1534
2273 1491
1586 1164
601 505
881 2290
1656 296
466 2523
1289 2192
549 300
440 2651
1871 969
1137 2924
2247 2928
1126 1064
579 1173
2844 446
637 1362
1816 2546
2442 858
2026 2780
2960 444
874 782
2930 1513
2682 2167
1440 2774
2798 1821
14 2415
2778 2522
794 2533
549 322
1864 988
2555 1940
1448 257
2536 143
177 2705
2045 1574
233 1478
1980 455
1053 1548
2223 1755
2759 558
2350 1506
516 1091
1722 2027
1967 442
1664 1729
2615 540
745 1900
1508 744
2522 2329
513 604
2236 2900
616 2112
666 1361
2594 2771
382 285
581 2684
1148 2753
399 2593
92 2087
1377 1658
2723 1356
676 1093
2645 1873
1722 574
1234 158
1509 2672
1897 2792
2959 841
740 2774
1849 1575
1905 2087
646 1231
2992 1034
1758 154
546 2925
1492 37
1105 1870
1775 722
2782 2607
2924 761
1196 2321
2741 2236
1049 1916
424 2425
2141 1580
623 527
2709 1143
1686 1100
2198 849
1650 1230
278 2840
581 2821
2496 2985
797 2551
2019 678
2309 1101
499 514
1930 474
432 2754
510 1229
1130 882
2235 1064
2426 2427
2922 2410
1197 1498
1830 1476
578 2321
582 296
2718 2208
133 713
1941 286
934 2227
2732 1265
1683 1370
1505 1000
1654 1441
2083 828
1969 1433
1783 565
689 126
1362 1945
2198 1221
80 685
2986 1750
2716 2515
508 756
1668 1271
2022 2799
1248 2342
2376 2537
82 2213
2967 2280
2512 2170
2806 2499
1478 799
2480 2595
385 1758
1174 976
949 1688
402 2140
2186 2058
977 1479
1228 2674
2917 2124
884 1930
473 831
2057 2540
2357 995
2053 2704
253 1374
305 1395
1105 838
1078 921
1691 310
452 2294
348 1006
891 1837
2300 1867
993 1981
887 1098
2615 1435
2379 2091
1499 2571
1592 1849
2465 454
2942 1157
589 2248
1663 1878
2385 2267
1828 1783
1819 1100
899 1719
2777 2704
197 2580
2054 1497
2301 1267
360 2870
1034 2226
2560 1717
1801 1143
1830 40
50 1008
2566 2266
2427 2156
2565 430
1369 1206
760 1140
432 2307
2490 687
1081 1464
608 2351
902 2577
2334 1919
2688 135
748 1210
1039 2381
2970 2938
243 85
635 1989
2163 1756
1816 2071
1427 3
2132 1844
2861 2388
2983 466
895 1794
1807 1497
2906 2440
1090 1051
319 2575
1466 918
659 914
2598 2428
1348 2401
2278 405
1990 1973
2456 1907
1257 2028
2523 710
609 2223
2964 1145
2715 2900
2911 521
2094 45
2912 2772
2834 1506
1663 2905
1372 1918
1793 630
2890 175
337 1882
708 2320
318 1248
1819 1950
2049 620
433 483
268 2056
2146 1303
1900 17
1345 1031
1604 1208
61 2923
1816 1503
1194 174
1141 81
2731 2841
549 248
2094 2768
1969 1636
2406 2300
1733 92
31 2286
1225 140
2111 1754
93 2403
279 267
1894 1942
757 1022
310 1852
1061 98
728 547
2866 1479
382 139
1799 2070
1499 1842
829 171
324 2088
394 2356
2113 1175
1246 2446
2528 2362
1625 2445
1833 2925
401 664
1872 2489
1458 949
2015 2213
1003 1582
456 2020
451 2245
734 865
1844 142
2907 2775
1874 2246
1525 2371
2135 1002
167 2954
1854 1672
1599 1587
1606 901
337 20
172 580
538 2684
1983 2082
2674 1993
2162 910
1007 1119
116 979
304 141
2504 1348
2797 1538
2887 1223
2295 2879
358 1881
494 1951
2882 28
1680 2238
719 299
2005 2410
553 1906
2917 1167
1793 2697
2590 2059
623 1070
2411 2418
2483 453
156 2146
505 2592
1127 2280
2257 2035
2943 2465
511 1954
990 592
360 4
208 2261
1401 1847
1533 2283
307 713
2263 937
500 668
930 2058
2123 1002
1188 2649
1746 1594
1209 315
1176 2123
513 1241
1841 842
2687 332
2458 58
2294 712
1556 2880
2022 911
1213 1827
1738 661
1576 21
1203 2133
1849 2650
1183 1169
89 325
2375 1143
2082 349
1878 555
2 29
2923 2352
1501 2219
312 2271
2933 2042
2236 437
1950 1194
1478 1747
833 1992
2364 1731
1819 274
178 2421
2326 2932
1246 1569
1068 1368
232 2347
1816 1907
1566 562
513 472
2850 2497
2408 1980
1499 2692
446 1927
1828 1943
138 2698
1831 1384
2120 1569
897 2549
1973 1764
1530 2647
2949 2624
2504 173
639 2307
2199 2492
2443 1056
24 740
1558 2343
2286 2903
2789 1229
1697 2409
1935 1059
364 636
2945 88
1820 545
2299 396
2039 2014
669 2022
2954 2233
2949 2862
2947 2509
1174 4
2050 2379
102 1459
1426 740
388 889
2678 1349
1761 1417
2441 663
856 2579
555 1809
2471 1461
1365 1746
2076 2050
962 2915
1952 1639
2654 2793
2875 175
2915 850
2460 1023
403 498
2362 534
1938 192
2471 1371
1461 1654
1888 2209
17 549
178 1970
2379 2744
2771 2471
1028 2451
1167 2319
884 1351
1277 2270
2481 1989
2021 1599
105 2677
2964 1006
2512 1156
2070 1319
2775 2243
2826 1407
2439 2433
50 800
2494 1358
1273 2018
787 1114
2071 1833
541 633
1832 2020
1978 440
243 753
84 2853
2172 794
2627 134
264 1282
1036 268
188 1380
2625 2125
2433 2814
2462 2130
2018 2503
376 2774
2227 106
2440 2474
1304 2738
2519 2308
2349 1470
47 2358
2888 2976
768 2799
711 711
416 811
2405 801
1439 2941
199 2946
1135 2430
755 1332
1679 2545
151 2109
2127 790
1998 1828
971 2691
280 181
612 408
2132 2100
2783 2501
2967 1486
2811 2166
226 2737
929 2
2150 2113
893 1076
1391 2932
2900 1757
2055 639
1856 870
525 1653
2320 2346
2290 1544
2549 1411
2462 105
1852 2750
1922 2113
1284 1259
1741 1917
26 638
820 669
1463 1886
2142 577
1183 2160
312 96
1044 456
2033 2042
1876 2634
170 1603
2110 2795
560 2952
2454 349
2598 714
2356 2832
357 837
2407 2858
2240 1018
675 1326
1337 552
2163 2545
605 1127
391 2109
2983 850
2880 2333
1832 887
1509 248
2017 2269
2207 2069
2542 649
344 1460
1202 1888
2264 2843
1787 2751
2691 863
35 1552
1429 2307
15985
1000
13393 4707
8313 2743
14240 5186
9472 7071
11434 10084
12243 15849
2740 9354
2279 8644
1334 4003
14601 12005
2615 8136
7701 524
601 13952
5730 9588
6688 10828
603 10856
10361 7779
12557 1085
9639 13750
3157 3163
2113 1739
5766 4029
12397 15838
6823 3053
8484 9992
14040 2133
4240 11549
11140 1638
7075 12987
10645 2813
6551 1857
2652 6519
1031 10269
1503 6492
11964 9740
7478 2947
9387 13038
690 5181
7531 1860
4911 12994
7966 12424
14009 5541
392 8949
12946 1774
9444 7429
5894 8471
1976 8523
4484 7142
14836 567
5467 5198
14706 3915
1053 4559
251 15616
112 14611
2025 13479
2787 1022
10041 4749
12966 3627
3161 8363
841 830
3889 7140
11868 15835
13050 9815
1073 9409
6905 10747
9429 5737
1399 3963
15072 12853
13663 8015
7354 1174
5387 12956
4928 1142
15408 11311
11991 15280
3482 358
13522 5422
10595 2530
1231 5312
1944 15210
7992 1532
9916 7870
14582 3786
750 14501
15014 2640
2282 5278
13971 3981
381 8238
2042 2134
2411 3430
12389 15356
705 2802
9587 10502
10609 14102
11610 9980
7975 15931
7872 8017
13416 2680
5560 2932
14723 4304
15738 4200
8311 600
8550 1331
14947 4194
1453 15475
8560 104
1301 215
1003 1711
12996 157
8982 8538
2528 2906
12544 13717
15940 9736
2976 2452
3185 9089
8139 4612
1555 4978
2044 486
15068 10604
1528 2626
12701 8214
13848 14463
14848 3706
6972 8811
381 10750
5992 995
13661 11425
7067 10428
1691 9464
3361 12584
11720 1722
2990 10825
6153 11129
10548 10365
10570 4353
4900 2261
12387 1271
7884 10610
8655 458
12045 1581
13735 5438
9933 2361
4984 2855
7360 1661
15963 13499
993 2236
2888 15365
12903 15272
704 4355
7363 14615
3498 8604
14318 14740
11304 5502
5874 12313
4906 1794
2886 4779
14955 15636
4353 3271
3832 13976
6488 15899
12719 2888
7097 2634
15768 6953
14362 7208
2568 1050
5219 10924
4915 6148
10669 678
4884 3313
15860 8702
10823 8567
8143 4926
926 11548
794 8468
4996 5562
7530 9827
12876 11749
10543 10359
9742 2883
6658 5586
947 9140
11278 11889
10126 2081
843 15122
5966 14203
5944 3014
290 8773
144 3056
329 3659
2031 4038
3495 10242
5197 5783
4412 12989
8220 1739
8357 4693
15880 10299
1659 7305
8745 8257
15459 5418
942 10946
12031 14835
2600 11001
158 14304
9187 14710
9704 5977
4473 4567
12952 14221
4218 3860
10295 2215
6632 14369
5011 266
12592 592
11142 12914
6429 5684
1482 14711
3520 4287
5198 2977
9145 11378
2344 8210
10843 411
13421 5663
12545 5981
14447 10018
953 2673
4566 12123
5115 3247
10113 14973
8547 2981
2895 14088
5970 6353
138 15651
10343 9006
1779 14284
4151 15350
2980 10228
3493 2324
10866 10181
8317 15923
7666 12454
1780 13748
13037 607
12621 621
2326 577
7133 7349
2988 6465
1840 8977
10827 1842
427 2327
1128 7215
9368 11473
12812 15243
13911 9193
2048 148
15447 8990
8507 7507
7103 12775
10999 8208
13350 3299
10092 9472
7360 2100
4549 5989
14112 10395
406 1982
8360 6358
6418 12477
5813 4805
12440 3683
10953 5893
5184 11649
871 2664
1921 3456
7366 5137
8734 3857
1918 5417
14920 2064
14266 2941
532 158
6137 3175
3091 2336
15603 9759
2269 13955
1699 10528
15456 13440
6257 7791
7942 1176
7475 14153
5055 12503
5420 9132
1958 7963
14526 12825
14532 8220
12525 7321
3695 15156
1233 9982
6168 9871
12035 13306
9885 3845
11662 10774
5305 2414
3099 11996
13006 15053
4643 6839
5704 3615
10143 8812
2999 12489
14668 14312
8471 14572
9622 10412
9838 1563
13156 1254
11537 5106
12736 13905
748 9038
13594 191
12817 1953
14766 10151
9295 4826
2546 6972
7879 831
10050 15532
8028 926
7427 10384
12490 14069
7068 3521
201 10991
536 10296
8530 5249
8436 6189
13297 15189
7795 328
7498 14562
15806 8409
2337 9479
6581 5358
15812 143
479 6403
15435 8247
8295 15655
11397 1986
404 6847
4602 3463
13941 605
2692 262
677 15283
5077 11473
6574 2082
6239 13900
3577 10648
681 7580
13381 4521
2791 665
1970 4218
7454 10601
8019 7703
8607 14282
7978 5552
7127 8860
13651 15326
15777 1607
14606 12893
590 8971
13476 4874
11769 14307
3827 91
9509 15585
13210 6703
9464 8628
14700 11913
1307 5245
6958 10985
6160 8516
10995 15289
7673 14228
2330 13408
7423 9486
4661 1217
7384 7898
8893 8645
12653 15667
1172 6444
7448 6317
4348 8285
11164 3016
12903 14167
14042 10540
15087 15313
8722 13305
15063 15075
7559 10934
8241 15068
2231 12833
32 10554
4054 11993
15601 7469
12070 9791
4631 7585
4122 5673
11476 3771
239 15485
11998 7771
15379 2011
849 4635
5195 13233
1440 12823
9528 10655
3729 5083
9840 6103
3964 4989
196 538
14841 10329
633 6805
2065 9494
9782 12702
4152 1773
2025 2491
6247 3231
7631 8260
10232 12171
1492 14388
10949 14173
167 608
1923 14308
8146 3661
15324 9476
7626 2700
15852 5955
1153 8759
5738 1485
4130 400
7905 6638
13312 6728
14312 7979
11319 14256
13328 15726
6147 11593
11310 6506
15436 1113
9583 5390
8839 10999
7835 13925
7612 7204
3120 13968
5490 3250
3565 178
263 8429
9928 4053
12732 9280
13726 10388
431 10085
9021 9607
9540 5193
12227 4506
13597 10426
11114 2243
8643 4764
13983 3579
12423 7097
1922 968
4938 2569
10255 2336
11902 3242
6227 8202
13509 15127
10411 10950
11125 7739
2618 15026
6266 15437
15838 4596
689 11153
14128 10124
3716 15079
9938 12555
5375 546
787 11606
10987 4554
185 4841
6235 5164
1629 14615
13907 407
332 7881
4250 6747
9839 2565
5537 4954
2322 926
161 9395
3879 15630
10411 12847
13850 3168
2381 4429
9060 6337
193 14952
5701 15095
14219 4480
11371 162
11617 10713
6247 13904
2827 12559
7266 4872
2400 4234
7436 560
3320 15578
8805 1091
10151 6459
4336 3390
3195 12763
1733 9278
2082 10668
4422 5458
5090 15771
9957 2978
7747 1250
12179 3512
127 3771
12268 2371
10509 1334
13809 5094
4491 14075
15013 11697
4555 9030
398 2161
9791 5510
7379 5913
12839 5297
13561 10755
13449 8389
12677 9776
2835 11070
8970 15255
6030 12057
3077 4784
9378 5013
10091 260
13810 7970
3039 7650
11455 7220
679 4527
7986 519
1842 14216
13687 3564
11588 13984
8187 4761
14065 2997
15224 5617
14260 2294
669 9472
14694 3971
13911 14365
13329 15876
10070 8659
10986 12013
157 8398
8250 10865
2602 3976
157 15123
3658 14117
3774 10259
10764 2060
15075 11962
15530 1414
6950 13020
10362 4363
11814 2711
6469 14825
15419 13150
5455 13480
5853 10810
5728 7870
8216 2493
13474 12798
11787 2082
13978 773
2209 9203
9700 982
11090 14564
6563 6915
5531 10434
505 12590
15900 1909
4800 14928
1489 568
14372 9706
10609 4179
1914 7259
6893 7212
13904 10642
5461 15423
13757 15189
13012 585
10126 8143
6310 1211
11336 129
6538 4815
2656 4786
9281 593
8500 11147
15433 15515
2300 7310
9887 6366
9846 12909
5424 15384
10589 4666
9872 11279
4299 251
3566 3868
2610 914
13753 7593
1940 14936
14924 2569
14635 4659
15070 8710
4599 6271
10464 9185
83 2208
13119 11361
3722 3116
13370 709
10849 4753
11383 7051
4717 1072
13609 2677
12708 13731
8094 1990
1838 7617
13686 6236
3714 10659
1257 1565
12322 7015
953 14414
9613 14613
7382 8889
6721 12046
1553 12943
8242 10719
6770 1483
2379 2748
11373 10331
15456 1436
3202 14745
3549 6305
8628 95
4921 8781
10188 1339
3165 9624
7296 9021
14229 2725
4558 4378
11075 10655
14749 2060
11339 12313
3223 5033
2459 11878
7872 4310
4892 7111
8970 7195
15801 10291
1180 14105
2764 5323
11502 9960
15182 14268
12746 2118
1088 12186
8560 14974
10837 10580
7849 12470
14946 2009
14352 11099
9561 7814
5755 7775
8449 14216
8943 4339
393 8396
389 9618
753 14097
439 9102
5935 10653
8176 15728
5929 12233
947 6395
287 10598
11291 4785
14495 11768
244 8807
15720 6599
903 9644
5431 10536
13865 10920
15258 9352
8537 10450
3025 3688
13824 11333
14728 10784
10459 3268
373 8398
4863 5627
6701 15004
793 1287
6044 12333
10522 15786
10805 13806
15193 9352
8534 4162
10529 11428
9854 13020
4350 4578
14340 12538
591 8965
1169 14604
12913 13384
6223 13725
3516 5013
10419 846
6048 3603
4654 13934
6124 630
4884 8563
12589 6456
707 10698
11326 4464
12193 6400
8542 9673
8914 3486
12 9220
7409 9996
2090 9335
13932 12017
5714 9411
8796 14630
6019 12680
7631 12742
6352 5995
7455 5089
1432 11029
11083 522
4696 2737
4153 14782
2286 7567
10336 9229
10625 13453
11088 7144
4930 1655
13782 8976
13098 5817
205 10875
876 8816
14504 13243
7359 11114
13054 9531
14467 14889
7876 13866
6278 14688
607 3435
7147 9789
9259 3643
8614 6756
6857 5766
11227 12992
14262 15427
3355 8132
34 14357
1605 1205
10239 5862
13314 5341
1255 13582
10535 7578
8676 15362
5363 13318
2267 7090
7544 8010
151 12086
11745 1124
7968 9502
818 14169
9298 14546
14139 13990
9503 5820
13218 13548
12396 3728
6032 8924
612 862
9642 7534
14917 6731
3252 1721
10066 1258
10703 8415
8478 2688
13836 6678
11118 11529
13101 5709
9425 11412
8006 15164
13277 3496
14782 144
7191 9902
8913 5072
8734 6071
5046 12546
13469 12395
9265 11491
8386 14924
1897 13313
13176 11046
3133 14879
14827 8943
15971 1840
9022 14628
7473 1550
13829 15951
12160 12117
15032 13388
5421 7888
9066 6285
2417 3738
7016 11546
7973 6811
1805 1868
7582 4365
9789 15531
7070 12920
1056 5160
126 12127
4687 7542
11109 9920
14655 5324
5247 12808
6602 11502
4620 11221
465 15274
13446 5519
2058 5281
11941 13930
9518 519
15476 12102
12867 13228
356 2105
3141 8316
1444 12687
9630 9796
10315 7245
4289 5607
757 14429
5153 3487
8406 7046
15582 1974
12682 8058
3325 614
8985 6871
3790 6866
4932 12040
2422 7934
11277 12235
5890 15282
13071 7735
6512 14181
5307 7372
3463 7557
233 8540
998 12886
11507 15835
8166 7177
15061 14434
1784 6487
11723 5739
8258 4839
14070 10985
11833 7771
1001 5701
11119 11668
6198 15201
10591 1027
6714 3094
3558 5857
12037 15599
1058 1226
1483 6636
12914 10859
12768 7873
5014 8982
10418 11180
12420 1467
8706 11874
7176 10793
1062 6960
6483 4584
9985 1187
5779 6133
419 2914
12164 705
8189 5038
14477 1490
7479 9761
1608 14500
5605 2891
6826 12892
4150 4388
8395 6105
11824 183
6297 2593
4651 4227
12629 5864
13257 9448
10178 4083
14685 11063
4334 13806
298 7953
1472 1434
3518 4100
11793 8315
4985 8539
62 11346
817 12635
5313 3256
7672 3080
10886 7450
15373 630
881 890
15651 15927
8950 8948
5072 11520
6489 6847
8392 4414
6799 11512
4407 15419
15703 4025
13957 15609
10958 3393
2742 10968
13324 14110
5698 694
8867 4413
10488 10209
11516 11735
6843 11077
5465 4753
2291 2372
12511 10973
15353 3390
7910 13732
1804 476
4176 2086
11217 12620
4827 10782
2690 3732
10836 15030
7784 457
3180 11219
12033 12366
2717 454
4902 12653
5309 15010
12304 12600
2117 14098
10090 9978
2859 12805
12963 8469
1046 7675
2261 204
9155 8437
3835 10180
10050 4680
9838 4336
15767 2769
513 610
14415 159
2750 4167
12305 2015
1935 582
4004 10449
9905 11017
3911 980
15206 8392
15983 316
1002 9489
6491 12362
2985 10932
7406 4025
205 27
3661 5443
15599 13734
8440 15116
3320 14810
1320 319
13957 3545
15925 13366
6950 6260
11169 9192
11451 12127
9330 9815
15383 1396
11978 7720
4964 3113
1966 5188
6817 135
6838 4382
6677 4738
9985 6357
1183 5166
12586 14427
60 8086
2289 9737
3391 8371
6179 6363
12899
1000
9152 4422
1708 11879
3973 12211
937 7820
5807 11312
4487 7406
8119 4478
6272 362
9853 2168
1370 5884
6012 924
4303 7728
8752 6157
11756 3431
1700 9017
4345 7074
11884 1530
5740 8733
1207 4164
10326 2991
12128 2464
1270 11935
384 9181
6528 1258
5891 10184
4326 7150
8200 4240
6663 6869
10624 1676
10038 5437
7930 12456
12240 2133
5565 4060
1606 6932
7471 6166
11266 1369
5192 5362
5282 9121
10805 12566
1286 5466
7115 2227
7185 4953
8888 10396
8136 7246
7148 8138
3579 340
1120 9957
5251 6855
4178 6129
8161 598
11177 2617
6865 9295
8454 43
9421 4408
583 6475
4564 11392
7937 11013
4952 4381
4977 5955
3144 551
6731 8967
2569 28
111 10868
8939 1509
3471 1656
8418 4748
10745 2114
6575 4850
7266 4002
3514 4266
2616 3824
3954 2080
5444 3524
7345 10507
4416 12498
3266 9822
4437 12143
2268 5550
5151 6917
11624 4683
12688 8078
2185 2653
4826 522
7360 2352
1513 9779
6041 2248
1244 7917
361 10752
10216 11036
10194 10601
1448 9223
2711 1960
4974 6624
12652 5044
695 6015
7965 4626
6089 6019
5030 11378
2081 5001
5557 1801
6657 1705
685 941
907 12446
1029 2632
3782 6065
4176 5855
7293 9302
2028 2051
1789 4882
9937 6498
8045 6462
5938 9072
4198 11479
9577 3343
11402 9977
5927 12593
7026 9580
12681 8845
3156 6379
1762 6018
12890 5552
10702 11383
7605 10366
8106 5883
9829 1408
11895 96
3070 794
5915 2390
9304 3645
492 3590
6022 1305
4593 4006
8452 3399
739 10728
8732 6728
9588 1081
3512 6371
8378 4628
3975 5322
2453 853
12 1309
456 10854
11384 11670
3798 292
573 11021
3993 528
11001 6824
171 1425
5502 5597
3820 11209
9556 7994
7196 5271
6708 6242
6541 2752
5195 3263
4643 10593
9386 10536
146 4165
12124 5432
7757 8020
4476 4385
3489 7305
3885 2941
2508 7903
1351 4599
12147 3031
10679 996
9412 7774
10547 12460
9379 11044
3229 8558
9908 5720
277 1033
692 11983
2449 10274
6507 11610
2407 4875
227 1479
104 9088
4078 5206
6734 1535
1011 12731
1365 4594
5679 2291
4733 8407
218 3048
10138 10035
6921 4947
7076 9041
7578 3831
9391 9929
3117 5453
11207 7633
11211 6260
342 2317
2654 5406
9267 10232
157 2333
8762 2241
3638 11783
473 7953
4981 5968
3368 10626
9526 12663
8279 6108
10315 12668
8621 5354
11884 3429
4725 630
4704 12069
4473 623
3393 5214
4129 10514
10461 419
646 4393
527 6201
10612 11871
12707 1325
11150 4692
7223 6045
3890 7169
8242 10066
5686 12655
9863 1978
9000 3370
11435 5465
10520 11348
10825 5852
8003 1872
4968 3832
1508 5962
11784 10555
5000 6796
3438 12444
7231 6628
7713 3389
1473 9174
11567 12204
4283 4513
321 3088
1150 2388
492 6800
1760 12354
5134 12008
7479 2431
3166 10434
8190 4110
7594 9741
5680 4964
850 3025
11253 9356
7250 2745
10230 12722
6514 4560
1370 8496
11693 359
5598 3890
8319 2598
12253 3615
3533 1153
2642 4317
4726 6215
3829 5212
4220 11990
5643 11440
3594 11338
7202 1077
1462 5632
10310 6356
3075 6402
4957 9789
2404 9685
1690 11805
11802 9330
3788 7224
6903 6865
10192 4346
11133 9914
1435 4990
5441 3204
12413 12266
3406 4173
11022 5006
6256 6219
1287 10149
2242 4215
1331 2794
675 916
4219 12074
9510 3711
798 2890
6443 650
7685 6109
1973 10610
1354 2456
465 635
2383 4102
806 6868
5080 7904
4148 1101
5276 10164
891 488
2812 2986
11425 5935
4855 1258
9843 9146
7038 4299
9788 6274
2192 6026
11286 9221
6969 11764
868 5129
12147 10250
5098 9169
1620 6793
11870 5324
363 6210
5730 10591
0 10302
12104 1526
749 1518
12198 11369
6625 9592
3035 10193
8348 12178
6583 2803
2026 10618
3656 3219
9507 7103
5772 12664
218 6867
12763 11602
4965 9752
2602 11181
1513 7053
6375 2793
783 10060
5928 10035
5544 12190
5463 11382
3725 721
2863 8262
1188 5807
317 11740
8528 10598
5990 1138
3490 2668
10446 11231
1478 12192
4969 851
1223 10565
5282 2508
12347 1941
4157 5825
5123 1828
5035 12283
6229 11067
189 4833
4372 12295
543 12300
6084 8591
952 6107
7313 4923
7915 4902
11589 4730
4390 5011
12058 8683
414 2842
1925 10586
9964 442
8687 10226
7916 6949
10643 5037
8456 10430
10682 3707
3620 9845
1721 8609
1618 5391
12684 7780
9614 5828
2135 9058
3294 9322
6402 11368
2601 6626
1089 11697
3489 9514
965 12784
8824 12772
6415 7705
1716 7375
10405 7510
1234 1971
1512 5085
4015 6757
12821 7630
6465 3850
5044 3082
11852 9516
12313 5026
10188 11109
11318 4495
7465 10995
2492 1088
1850 5982
10426 12223
8475 2732
12887 7751
10245 8569
1303 10038
59 10983
5020 3111
8629 287
3323 1126
552 7239
12414 5151
9032 1301
4002 1940
9827 9660
8236 697
1367 7058
3535 3533
4654 6669
5754 4660
4338 9415
6589 3563
4389 4
5640 9047
1921 7938
7412 11386
7232 12132
7346 2643
4232 3338
2717 8786
1367 4340
10276 8730
1252 210
12864 6118
5644 8429
1624 1757
8168 7620
2547 10183
3820 3486
3388 10781
9188 3333
9517 2125
8090 2091
1831 12600
1301 10208
1991 10761
8503 1858
12780 11653
10774 994
2674 10451
7020 359
5332 3767
1134 3836
3872 1586
6846 5410
10922 1832
4173 7248
4519 5900
9024 8672
6751 5655
6163 4426
10885 5250
9953 4134
12137 4107
4766 2638
4397 6811
6170 7559
12896 6841
8716 9152
1092 7828
66 10651
1392 4801
3578 6271
7764 2435
12858 4850
4299 7328
4246 898
7327 2343
193 6099
2886 3890
4142 9848
5433 4103
4384 10485
696 7298
4170 1509
12171 6130
12671 352
4667 5841
6728 2315
11475 5062
6443 4360
2698 755
9272 9985
3647 4959
3392 11721
10483 5245
5470 4999
1786 4068
6848 3515
7756 6822
6833 6943
11040 5242
5245 6193
10065 7291
6395 3885
2540 3926
12259 3135
1351 10019
7494 8903
914 8849
1954 12051
2052 10593
10620 775
9925 1276
7663 8891
6758 8306
3685 4404
7074 817
837 11363
12027 6763
7620 2045
8179 4995
11015 8947
4780 3921
5448 5173
8798 2599
1007 6133
12249 885
8976 7397
4369 4040
12843 10142
2339 3987
948 3148
10241 7139
6523 4965
10113 12130
9927 7348
762 3946
6144 949
3801 6146
10084 2816
12809 392
8534 12864
5538 9870
3235 900
11824 11423
4417 4719
3218 2289
12228 9969
420 12493
12368 3963
9003 6668
6284 6975
3811 11240
11951 1861
6207 9856
1924 5473
7061 9244
4693 7541
1017 10093
9404 7494
3108 10431
8052 3996
3364 2024
11804 10374
4788 9857
6407 12407
5598 2742
2971 12486
12834 9257
5857 5781
6083 4533
601 12241
6130 9134
4224 5177
11046 2140
11137 4219
2272 6703
6603 1541
3948 9137
168 307
564 11880
6369 10613
877 9030
6682 7184
4067 7022
7880 5750
2634 8741
1404 8941
7402 6682
1006 1946
1508 2783
11327 12363
10241 10566
5652 4850
8137 8106
5061 6018
12268 5213
6002 4677
3023 4733
3612 10604
1047 5347
4278 2805
6113 3553
4924 10658
3965 12157
9566 7939
7903 11174
382 12057
2739 7390
1780 2569
7474 4481
963 5630
518 25
3994 2762
3387 3022
8250 2166
4188 10779
7883 5972
6097 168
6234 5261
3444 11914
4741 2550
5314 9880
8861 6768
9761 7107
1396 10168
3510 1168
8431 1645
6005 1402
1887 113
522 1528
7618 3456
8572 4907
11709 5438
4252 5061
5710 8842
8128 8856
2924 4889
6712 4625
7089 4471
11341 12480
7835 5446
9883 8210
9740 7002
7597 6218
4085 12870
8918 6057
9021 1871
3942 5738
10587 5308
394 8126
12149 5389
4153 801
3494 8253
4389 8267
6581 4753
2047 276
1493 12888
12585 1280
475 451
3587 4179
56 670
4599 12803
307 2215
9559 6323
3244 4784
5388 1500
7926 7114
9979 2112
3800 8006
1689 12194
4286 3697
3879 4590
6399 5372
2730 2923
1392 2909
1913 4665
1999 6458
6368 337
2503 12761
5539 4406
5205 10022
3491 12337
1625 11909
2112 3241
5089 531
2184 3070
5574 2938
2818 6679
2735 3502
9316 6204
8904 8073
11107 2915
11027 11788
12346 9083
3244 1666
1512 3459
2085 2403
3952 6583
8170 2307
10292 11188
10425 2068
5517 2573
1251 7578
11236 505
8388 8002
928 502
4853 7181
10649 12799
1466 10057
1020 10246
11485 5049
1776 1869
3264 3028
6155 4023
4205 9977
7327 7995
8981 10010
4592 2900
3444 2470
5484 12596
11332 1787
3907 4285
12278 1907
484 2322
2096 9625
5509 3076
8716 84
5290 7601
8081 8226
3790 894
11411 672
428 6196
4647 4987
11372 11394
10751 6622
2245 2709
2402 1566
3006 11424
6876 5406
1020 10756
5855 1047
1642 4047
3676 12038
7763 10635
6875 2449
553 2645
284 2178
12380 6266
5208 12237
9134 6955
8247 6938
1008 8834
10138 11133
9008 6182
5541 7461
3611 4670
2611 6590
1050 10972
11450 6193
5497 5642
12709 3943
12233 11046
303 7054
2070 6400
2482 7468
12069 1418
2327 12613
1859 9160
6328 3578
10976 7833
10596 10374
207 8998
11925 5958
7588 6123
8837 9866
3399 1032
8736 12107
2210 11282
1620 6438
7410 5639
5082 5069
1835 3976
4689 11559
7556 1544
5359 5651
9025 6170
21 1089
5305 8741
5664 10567
11402 6783
10704 4327
2081 8867
2918 527
8370 3683
727 7834
5537 1782
5648 2665
8794 1308
1644 2121
10637 2474
756 10278
3498 6134
2765 1743
1224 1601
3176 2169
7758 5646
7575 6040
3792 4396
10960 4460
10264 4768
1503 4428
4866 11259
5610 9721
4974 7100
6756 54
10161 1401
761 7560
10678 8980
3562 1328
5730 9836
1907 8168
8900 5659
8174 3211
12416 5211
1911 5467
5462 6460
1267 6815
5674 4635
11335 6042
12148 12524
12052 5754
7866 6406
10542 482
1411 12281
6388 6242
5455 4954
3205 4354
7434 6090
9781 2497
1741 9882
5203 1116
8512 11981
10652 9188
7787 3873
12176 4182
5615 10998
5081 5297
1192 615
1510 4909
10232 8886
1693 5443
8535 809
11272 7278
7017 1480
9046 1120
4721 10848
3608 2896
1425 11818
963 4319
812 4940
1388 4822
4490 6200
12506 1125
2116 3571
4418 1117
4286 8871
1248 1449
11842 6167
1442 8719
9455 9527
3033 6742
12356 11171
7516 2412
8991 786
3530 2390
8755 8493
7848 9665
7210 8939
1794 6119
4380 9862
4400 1091
8478 3648
2257 6174
983 2757
4541 7407
2846 4508
2119 5737
3341 7783
5415 302
3591 1744
9311 4150
11592 2092
5767 1571
3392 8555
6360 5944
4402 11796
268 4940
7165 1856
10349 9203
2940 9769
8586 10068
12135 1643
4192 7814
9604 3347
9559 4159
1425 1101
3753 1960
10805 5868
10908 11131
8683 2563
7396 9597
6164 2525
8670 1941
8652 7410
3684 5673
6592 1566
605 10510
2891 6540
12446 2437
1253 6260
8221 2729
3946 1449
11410 12558
9508 5942
5277 3382
4111 4664
6376 3751
9353 6727
11454 180
1607 7644
574 1154
9419 2869
1166 11578
11342 2296
5725 320
1627 11819
542 11582
10754 6588
5654 10482
592 1139
11393 9923
583 3966
10076 6422
9364 2177
5184 10851
4574 5034
6845 10619
5654 12403
3012 9128
12255 11910
1988 5874
9902 1184
8390 9655
8782 11747
3856 7548
9271 2985
11048 11779
10278 875
926 6328
9155 6190
4262 5391
2522 5347
1898 9960
1978 1856
2782 1083
12359 4143
12634 6066
1090 6913
11862 1665
902 458
6011 214
12879 1895
1788 3900
8675 2932
467 3667
1461 8000
6079 2971
12378 3693
4242 4337
1819 1284
5900 5217
4673 557
2769 7353
3437 2800
883 325
10086 12181
4517 2341
2243 2030
4927 8056
4253 8063
3815 9074
12379 4658
11922 2875
2511 4402
7003 2379
